10500.000, 10000.000, 0
10499.600, 10020.005, 0
10498.399, 10039.978, 0
10496.401, 10059.886, 0
10493.607, 10079.699, 0
10490.023, 10099.384, 0
10485.655, 10118.910, 0
10480.508, 10138.246, 0
10474.592, 10157.360, 0
10467.916, 10176.223, 0
10460.491, 10194.803, 0
10452.328, 10213.071, 0
10443.441, 10230.998, 0
10433.844, 10248.555, 0
10423.552, 10265.713, 0
10412.582, 10282.447, 0
10400.951, 10298.728, 0
10388.678, 10314.531, 0
10375.782, 10329.830, 0
10362.285, 10344.600, 0
10348.208, 10358.819, 0
10333.573, 10372.464, 0
10318.404, 10385.512, 0
10302.724, 10397.942, 0
10286.561, 10409.735, 0
10269.938, 10420.872, 0
10252.883, 10431.336, 0
10235.423, 10441.108, 0
10217.586, 10450.174, 0
10199.400, 10458.519, 0
10180.895, 10466.130, 0
10162.101, 10472.994, 0
10143.047, 10479.101, 0
10123.763, 10484.441, 0
10104.282, 10489.004, 0
10084.634, 10492.785, 0
10064.850, 10495.777, 0
10044.962, 10497.974, 0
10025.002, 10499.374, 0
10005.002, 10499.975, 0
9984.995, 10499.775, 0
9965.011, 10498.774, 0
9945.083, 10496.975, 0
9925.243, 10494.380, 0
9905.523, 10490.993, 0
9885.954, 10486.820, 0
9866.568, 10481.867, 0
9847.396, 10476.143, 0
9828.468, 10469.656, 0
9809.814, 10462.417, 0
9791.465, 10454.437, 0
9773.451, 10445.730, 0
9755.799, 10436.309, 0
9738.537, 10426.189, 0
9721.695, 10415.387, 0
9705.299, 10403.920, 0
9689.374, 10391.805, 0
9673.947, 10379.064, 0
9659.041, 10365.715, 0
9644.682, 10351.780, 0
9630.892, 10337.283, 0
9617.693, 10322.245, 0
9605.107, 10306.691, 0
9593.152, 10290.646, 0
9581.849, 10274.135, 0
9571.216, 10257.185, 0
9561.270, 10239.824, 0
9552.026, 10222.079, 0
9543.499, 10203.977, 0
9535.703, 10185.550, 0
9528.651, 10166.825, 0
9522.354, 10147.833, 0
9516.822, 10128.604, 0
9512.063, 10109.169, 0
9508.086, 10089.560, 0
9504.897, 10069.807, 0
9502.500, 10049.942, 0
9500.901, 10029.997, 0
9500.100, 10010.004, 0
9500.100, 9989.996, 0
9500.901, 9970.003, 0
9502.500, 9950.058, 0
9504.897, 9930.193, 0
9508.086, 9910.440, 0
9512.063, 9890.831, 0
9516.822, 9871.396, 0
9522.354, 9852.167, 0
9528.651, 9833.175, 0
9535.703, 9814.450, 0
9543.499, 9796.023, 0
9552.026, 9777.921, 0
9561.270, 9760.176, 0
9571.216, 9742.815, 0
9581.849, 9725.865, 0
9593.152, 9709.354, 0
9605.107, 9693.309, 0
9617.693, 9677.755, 0
9630.892, 9662.717, 0
9644.682, 9648.220, 0
9659.041, 9634.285, 0
9673.947, 9620.936, 0
9689.374, 9608.195, 0
9705.299, 9596.080, 0
9721.695, 9584.613, 0
9738.537, 9573.811, 0
9755.799, 9563.691, 0
9773.451, 9554.270, 0
9791.465, 9545.563, 0
9809.814, 9537.583, 0
9828.468, 9530.344, 0
9847.396, 9523.857, 0
9866.568, 9518.133, 0
9885.954, 9513.180, 0
9905.523, 9509.007, 0
9925.243, 9505.620, 0
9945.083, 9503.025, 0
9965.011, 9501.226, 0
9984.995, 9500.225, 0
10005.002, 9500.025, 0
10025.002, 9500.626, 0
10044.962, 9502.026, 0
10064.850, 9504.223, 0
10084.634, 9507.215, 0
10104.282, 9510.996, 0
10123.763, 9515.559, 0
10143.047, 9520.899, 0
10162.101, 9527.006, 0
10180.895, 9533.870, 0
10199.400, 9541.481, 0
10217.586, 9549.826, 0
10235.423, 9558.892, 0
10252.883, 9568.664, 0
10269.938, 9579.128, 0
10286.561, 9590.265, 0
10302.724, 9602.058, 0
10318.404, 9614.488, 0
10333.573, 9627.536, 0
10348.208, 9641.181, 0
10362.285, 9655.400, 0
10375.782, 9670.170, 0
10388.678, 9685.469, 0
10400.951, 9701.272, 0
10412.582, 9717.553, 0
10423.552, 9734.287, 0
10433.844, 9751.445, 0
10443.441, 9769.002, 0
10452.328, 9786.929, 0
10460.491, 9805.197, 0
10467.916, 9823.777, 0
10474.592, 9842.640, 0
10480.508, 9861.754, 0
10485.655, 9881.090, 0
10490.023, 9900.616, 0
10493.607, 9920.301, 0
10496.401, 9940.114, 0
10498.399, 9960.022, 0
10499.600, 9979.995, 0
10500.000, 10000.000, 0
10500.000, 10000.000, 1
11000.000, 10000.000, 1
11000.000, 10000.000, 0
10999.800, 10020.009, 0
10999.199, 10040.010, 0
10998.199, 10059.994, 0
10996.798, 10079.955, 0
10994.999, 10099.884, 0
10992.801, 10119.773, 0
10990.206, 10139.613, 0
10987.214, 10159.398, 0
10983.827, 10179.119, 0
10980.046, 10198.769, 0
10975.873, 10218.339, 0
10971.309, 10237.821, 0
10966.356, 10257.208, 0
10961.016, 10276.492, 0
10955.292, 10295.666, 0
10949.184, 10314.721, 0
10942.697, 10333.650, 0
10935.832, 10352.445, 0
10928.593, 10371.099, 0
10920.982, 10389.605, 0
10913.002, 10407.955, 0
10904.657, 10426.141, 0
10895.949, 10444.157, 0
10886.882, 10461.995, 0
10877.461, 10479.648, 0
10867.688, 10497.109, 0
10857.568, 10514.371, 0
10847.104, 10531.427, 0
10836.301, 10548.270, 0
10825.164, 10564.894, 0
10813.696, 10581.291, 0
10801.902, 10597.456, 0
10789.787, 10613.381, 0
10777.356, 10629.061, 0
10764.613, 10644.489, 0
10751.565, 10659.659, 0
10738.215, 10674.565, 0
10724.570, 10689.201, 0
10710.635, 10703.561, 0
10696.416, 10717.639, 0
10681.917, 10731.430, 0
10667.146, 10744.927, 0
10652.107, 10758.127, 0
10636.807, 10771.023, 0
10621.252, 10783.611, 0
10605.449, 10795.884, 0
10589.403, 10807.839, 0
10573.121, 10819.471, 0
10556.610, 10830.774, 0
10539.875, 10841.745, 0
10522.925, 10852.379, 0
10505.765, 10862.671, 0
10488.403, 10872.618, 0
10470.845, 10882.216, 0
10453.099, 10891.460, 0
10435.171, 10900.348, 0
10417.069, 10908.875, 0
10398.800, 10917.038, 0
10380.371, 10924.834, 0
10361.790, 10932.259, 0
10343.065, 10939.312, 0
10324.201, 10945.988, 0
10305.208, 10952.286, 0
10286.093, 10958.202, 0
10266.863, 10963.734, 0
10247.527, 10968.881, 0
10228.091, 10973.640, 0
10208.564, 10978.009, 0
10188.954, 10981.986, 0
10169.267, 10985.570, 0
10149.513, 10988.760, 0
10129.700, 10991.553, 0
10109.834, 10993.950, 0
10089.924, 10995.949, 0
10069.978, 10997.549, 0
10050.004, 10998.749, 0
10030.011, 10999.550, 0
10010.005, 10999.950, 0
9989.995, 10999.950, 0
9969.989, 10999.550, 0
9949.996, 10998.749, 0
9930.022, 10997.549, 0
9910.076, 10995.949, 0
9890.166, 10993.950, 0
9870.300, 10991.553, 0
9850.487, 10988.760, 0
9830.733, 10985.570, 0
9811.046, 10981.986, 0
9791.436, 10978.009, 0
9771.909, 10973.640, 0
9752.473, 10968.881, 0
9733.137, 10963.734, 0
9713.907, 10958.202, 0
9694.792, 10952.286, 0
9675.799, 10945.988, 0
9656.935, 10939.312, 0
9638.210, 10932.259, 0
9619.629, 10924.834, 0
9601.200, 10917.038, 0
9582.931, 10908.875, 0
9564.829, 10900.348, 0
9546.901, 10891.460, 0
9529.155, 10882.216, 0
9511.597, 10872.618, 0
9494.235, 10862.671, 0
9477.075, 10852.379, 0
9460.125, 10841.745, 0
9443.390, 10830.774, 0
9426.879, 10819.471, 0
9410.597, 10807.839, 0
9394.551, 10795.884, 0
9378.748, 10783.611, 0
9363.193, 10771.023, 0
9347.893, 10758.127, 0
9332.854, 10744.927, 0
9318.083, 10731.430, 0
9303.584, 10717.639, 0
9289.365, 10703.561, 0
9275.430, 10689.201, 0
9261.785, 10674.565, 0
9248.435, 10659.659, 0
9235.387, 10644.489, 0
9222.644, 10629.061, 0
9210.213, 10613.381, 0
9198.098, 10597.456, 0
9186.304, 10581.291, 0
9174.836, 10564.894, 0
9163.699, 10548.270, 0
9152.896, 10531.427, 0
9142.432, 10514.371, 0
9132.312, 10497.109, 0
9122.539, 10479.648, 0
9113.118, 10461.995, 0
9104.051, 10444.157, 0
9095.343, 10426.141, 0
9086.998, 10407.955, 0
9079.018, 10389.605, 0
9071.407, 10371.099, 0
9064.168, 10352.445, 0
9057.303, 10333.650, 0
9050.816, 10314.721, 0
9044.708, 10295.666, 0
9038.984, 10276.492, 0
9033.644, 10257.208, 0
9028.691, 10237.821, 0
9024.127, 10218.339, 0
9019.954, 10198.769, 0
9016.173, 10179.119, 0
9012.786, 10159.398, 0
9009.794, 10139.613, 0
9007.199, 10119.773, 0
9005.001, 10099.884, 0
9003.202, 10079.955, 0
9001.801, 10059.994, 0
9000.801, 10040.010, 0
9000.200, 10020.009, 0
9000.000, 10000.000, 0
9000.200, 9979.991, 0
9000.801, 9959.990, 0
9001.801, 9940.006, 0
9003.202, 9920.045, 0
9005.001, 9900.116, 0
9007.199, 9880.227, 0
9009.794, 9860.387, 0
9012.786, 9840.602, 0
9016.173, 9820.881, 0
9019.954, 9801.231, 0
9024.127, 9781.661, 0
9028.691, 9762.179, 0
9033.644, 9742.792, 0
9038.984, 9723.508, 0
9044.708, 9704.334, 0
9050.816, 9685.279, 0
9057.303, 9666.350, 0
9064.168, 9647.555, 0
9071.407, 9628.901, 0
9079.018, 9610.395, 0
9086.998, 9592.045, 0
9095.343, 9573.859, 0
9104.051, 9555.843, 0
9113.118, 9538.005, 0
9122.539, 9520.352, 0
9132.312, 9502.891, 0
9142.432, 9485.629, 0
9152.896, 9468.573, 0
9163.699, 9451.730, 0
9174.836, 9435.106, 0
9186.304, 9418.709, 0
9198.098, 9402.544, 0
9210.213, 9386.619, 0
9222.644, 9370.939, 0
9235.387, 9355.511, 0
9248.435, 9340.341, 0
9261.785, 9325.435, 0
9275.430, 9310.799, 0
9289.365, 9296.439, 0
9303.584, 9282.361, 0
9318.083, 9268.570, 0
9332.854, 9255.073, 0
9347.893, 9241.873, 0
9363.193, 9228.977, 0
9378.748, 9216.389, 0
9394.551, 9204.116, 0
9410.597, 9192.161, 0
9426.879, 9180.529, 0
9443.390, 9169.226, 0
9460.125, 9158.255, 0
9477.075, 9147.621, 0
9494.235, 9137.329, 0
9511.597, 9127.382, 0
9529.155, 9117.784, 0
9546.901, 9108.540, 0
9564.829, 9099.652, 0
9582.931, 9091.125, 0
9601.200, 9082.962, 0
9619.629, 9075.166, 0
9638.210, 9067.741, 0
9656.935, 9060.688, 0
9675.799, 9054.012, 0
9694.792, 9047.714, 0
9713.907, 9041.798, 0
9733.137, 9036.266, 0
9752.473, 9031.119, 0
9771.909, 9026.360, 0
9791.436, 9021.991, 0
9811.046, 9018.014, 0
9830.733, 9014.430, 0
9850.487, 9011.240, 0
9870.300, 9008.447, 0
9890.166, 9006.050, 0
9910.076, 9004.051, 0
9930.022, 9002.451, 0
9949.996, 9001.251, 0
9969.989, 9000.450, 0
9989.995, 9000.050, 0
10010.005, 9000.050, 0
10030.011, 9000.450, 0
10050.004, 9001.251, 0
10069.978, 9002.451, 0
10089.924, 9004.051, 0
10109.834, 9006.050, 0
10129.700, 9008.447, 0
10149.513, 9011.240, 0
10169.267, 9014.430, 0
10188.954, 9018.014, 0
10208.564, 9021.991, 0
10228.091, 9026.360, 0
10247.527, 9031.119, 0
10266.863, 9036.266, 0
10286.093, 9041.798, 0
10305.208, 9047.714, 0
10324.201, 9054.012, 0
10343.065, 9060.688, 0
10361.790, 9067.741, 0
10380.371, 9075.166, 0
10398.800, 9082.962, 0
10417.069, 9091.125, 0
10435.171, 9099.652, 0
10453.099, 9108.540, 0
10470.845, 9117.784, 0
10488.403, 9127.382, 0
10505.765, 9137.329, 0
10522.925, 9147.621, 0
10539.875, 9158.255, 0
10556.610, 9169.226, 0
10573.121, 9180.529, 0
10589.403, 9192.161, 0
10605.449, 9204.116, 0
10621.252, 9216.389, 0
10636.807, 9228.977, 0
10652.107, 9241.873, 0
10667.146, 9255.073, 0
10681.917, 9268.570, 0
10696.416, 9282.361, 0
10710.635, 9296.439, 0
10724.570, 9310.799, 0
10738.215, 9325.435, 0
10751.565, 9340.341, 0
10764.613, 9355.511, 0
10777.356, 9370.939, 0
10789.787, 9386.619, 0
10801.902, 9402.544, 0
10813.696, 9418.709, 0
10825.164, 9435.106, 0
10836.301, 9451.730, 0
10847.104, 9468.573, 0
10857.568, 9485.629, 0
10867.688, 9502.891, 0
10877.461, 9520.352, 0
10886.882, 9538.005, 0
10895.949, 9555.843, 0
10904.657, 9573.859, 0
10913.002, 9592.045, 0
10920.982, 9610.395, 0
10928.593, 9628.901, 0
10935.832, 9647.555, 0
10942.697, 9666.350, 0
10949.184, 9685.279, 0
10955.292, 9704.334, 0
10961.016, 9723.508, 0
10966.356, 9742.792, 0
10971.309, 9762.179, 0
10975.873, 9781.661, 0
10980.046, 9801.231, 0
10983.827, 9820.881, 0
10987.214, 9840.602, 0
10990.206, 9860.387, 0
10992.801, 9880.227, 0
10994.999, 9900.116, 0
10996.798, 9920.045, 0
10998.199, 9940.006, 0
10999.199, 9959.990, 0
10999.800, 9979.991, 0
11000.000, 10000.000, 0
11000.000, 10000.000, 1
11500.000, 10000.000, 1
11500.000, 10000.000, 0
11499.867, 10020.010, 0
11499.466, 10040.016, 0
11498.799, 10060.014, 0
11497.865, 10080.003, 0
11496.665, 10099.977, 0
11495.198, 10119.933, 0
11493.465, 10139.868, 0
11491.466, 10159.777, 0
11489.202, 10179.659, 0
11486.673, 10199.508, 0
11483.879, 10219.322, 0
11480.822, 10239.097, 0
11477.500, 10258.830, 0
11473.916, 10278.516, 0
11470.070, 10298.153, 0
11465.962, 10317.737, 0
11461.593, 10337.264, 0
11456.964, 10356.731, 0
11452.075, 10376.135, 0
11446.928, 10395.472, 0
11441.524, 10414.738, 0
11435.864, 10433.931, 0
11429.947, 10453.046, 0
11423.777, 10472.081, 0
11417.352, 10491.032, 0
11410.676, 10509.895, 0
11403.749, 10528.668, 0
11396.572, 10547.346, 0
11389.146, 10565.927, 0
11381.473, 10584.408, 0
11373.554, 10602.784, 0
11365.391, 10621.053, 0
11356.985, 10639.212, 0
11348.337, 10657.257, 0
11339.450, 10675.185, 0
11330.324, 10692.993, 0
11320.961, 10710.677, 0
11311.363, 10728.235, 0
11301.532, 10745.664, 0
11291.469, 10762.959, 0
11281.177, 10780.119, 0
11270.656, 10797.140, 0
11259.910, 10814.019, 0
11248.939, 10830.754, 0
11237.746, 10847.340, 0
11226.332, 10863.776, 0
11214.701, 10880.058, 0
11202.853, 10896.184, 0
11190.791, 10912.150, 0
11178.517, 10927.953, 0
11166.034, 10943.592, 0
11153.343, 10959.062, 0
11140.446, 10974.362, 0
11127.347, 10989.489, 0
11114.048, 11004.439, 0
11100.549, 11019.211, 0
11086.856, 11033.801, 0
11072.968, 11048.208, 0
11058.890, 11062.427, 0
11044.623, 11076.458, 0
11030.171, 11090.297, 0
11015.535, 11103.942, 0
11000.718, 11117.391, 0
10985.724, 11130.641, 0
10970.553, 11143.690, 0
10955.211, 11156.535, 0
10939.698, 11169.174, 0
10924.018, 11181.605, 0
10908.173, 11193.826, 0
10892.167, 11205.835, 0
10876.002, 11217.629, 0
10859.682, 11229.206, 0
10843.208, 11240.565, 0
10826.584, 11251.702, 0
10809.813, 11262.617, 0
10792.898, 11273.308, 0
10775.842, 11283.771, 0
10758.648, 11294.007, 0
10741.319, 11304.012, 0
10723.858, 11313.785, 0
10706.268, 11323.324, 0
10688.552, 11332.627, 0
10670.714, 11341.694, 0
10652.757, 11350.522, 0
10634.683, 11359.109, 0
10616.496, 11367.455, 0
10598.200, 11375.557, 0
10579.797, 11383.414, 0
10561.291, 11391.026, 0
10542.686, 11398.389, 0
10523.983, 11405.504, 0
10505.188, 11412.369, 0
10486.302, 11418.982, 0
10467.330, 11425.343, 0
10448.275, 11431.450, 0
10429.140, 11437.303, 0
10409.928, 11442.899, 0
10390.644, 11448.239, 0
10371.290, 11453.322, 0
10351.870, 11458.145, 0
10332.388, 11462.709, 0
10312.846, 11467.013, 0
10293.249, 11471.056, 0
10273.599, 11474.837, 0
10253.901, 11478.355, 0
10234.158, 11481.611, 0
10214.373, 11484.602, 0
10194.549, 11487.330, 0
10174.691, 11489.793, 0
10154.803, 11491.991, 0
10134.886, 11493.923, 0
10114.946, 11495.589, 0
10094.985, 11496.990, 0
10075.007, 11498.123, 0
10055.016, 11498.991, 0
10035.015, 11499.591, 0
10015.007, 11499.925, 0
9994.997, 11499.992, 0
9974.988, 11499.791, 0
9954.984, 11499.324, 0
9934.987, 11498.590, 0
9915.002, 11497.590, 0
9895.033, 11496.323, 0
9875.081, 11494.789, 0
9855.153, 11492.990, 0
9835.249, 11490.925, 0
9815.376, 11488.595, 0
9795.535, 11485.999, 0
9775.730, 11483.140, 0
9755.965, 11480.016, 0
9736.244, 11476.629, 0
9716.570, 11472.979, 0
9696.946, 11469.067, 0
9677.376, 11464.894, 0
9657.863, 11460.460, 0
9638.412, 11455.766, 0
9619.024, 11450.813, 0
9599.705, 11445.602, 0
9580.457, 11440.133, 0
9561.283, 11434.408, 0
9542.187, 11428.428, 0
9523.173, 11422.194, 0
9504.244, 11415.707, 0
9485.403, 11408.968, 0
9466.654, 11401.978, 0
9447.999, 11394.738, 0
9429.443, 11387.251, 0
9410.988, 11379.516, 0
9392.638, 11371.536, 0
9374.396, 11363.312, 0
9356.266, 11354.846, 0
9338.250, 11346.138, 0
9320.352, 11337.190, 0
9302.575, 11328.005, 0
9284.921, 11318.584, 0
9267.396, 11308.927, 0
9250.000, 11299.038, 0
9232.738, 11288.918, 0
9215.612, 11278.568, 0
9198.627, 11267.991, 0
9181.783, 11257.188, 0
9165.086, 11246.161, 0
9148.536, 11234.913, 0
9132.139, 11223.445, 0
9115.896, 11211.759, 0
9099.810, 11199.857, 0
9083.884, 11187.742, 0
9068.122, 11175.416, 0
9052.525, 11162.880, 0
9037.097, 11150.138, 0
9021.840, 11137.191, 0
9006.757, 11124.041, 0
8991.851, 11110.692, 0
8977.124, 11097.144, 0
8962.580, 11083.402, 0
8948.220, 11069.467, 0
8934.047, 11055.341, 0
8920.064, 11041.028, 0
8906.273, 11026.529, 0
8892.677, 11011.848, 0
8879.278, 10996.986, 0
8866.078, 10981.947, 0
8853.080, 10966.734, 0
8840.286, 10951.348, 0
8827.698, 10935.793, 0
8815.320, 10920.072, 0
8803.152, 10904.187, 0
8791.196, 10888.141, 0
8779.456, 10871.937, 0
8767.934, 10855.577, 0
8756.630, 10839.066, 0
8745.548, 10822.405, 0
8734.689, 10805.598, 0
8724.055, 10788.647, 0
8713.648, 10771.556, 0
8703.470, 10754.328, 0
8693.523, 10736.966, 0
8683.809, 10719.472, 0
8674.328, 10701.851, 0
8665.084, 10684.104, 0
8656.077, 10666.236, 0
8647.309, 10648.249, 0
8638.782, 10630.147, 0
8630.497, 10611.932, 0
8622.456, 10593.609, 0
8614.660, 10575.180, 0
8607.110, 10556.649, 0
8599.809, 10538.019, 0
8592.756, 10519.293, 0
8585.954, 10500.475, 0
8579.404, 10481.567, 0
8573.106, 10462.574, 0
8567.063, 10443.498, 0
8561.274, 10424.344, 0
8555.741, 10405.114, 0
8550.466, 10385.812, 0
8545.448, 10366.441, 0
8540.689, 10347.005, 0
8536.190, 10327.508, 0
8531.952, 10307.952, 0
8527.974, 10288.341, 0
8524.259, 10268.679, 0
8520.806, 10248.969, 0
8517.617, 10229.215, 0
8514.691, 10209.420, 0
8512.029, 10189.588, 0
8509.633, 10169.722, 0
8507.501, 10149.826, 0
8505.636, 10129.903, 0
8504.036, 10109.957, 0
8502.702, 10089.992, 0
8501.635, 10070.010, 0
8500.834, 10050.016, 0
8500.300, 10030.013, 0
8500.033, 10010.005, 0
8500.033, 9989.995, 0
8500.300, 9969.987, 0
8500.834, 9949.984, 0
8501.635, 9929.990, 0
8502.702, 9910.008, 0
8504.036, 9890.043, 0
8505.636, 9870.097, 0
8507.501, 9850.174, 0
8509.633, 9830.278, 0
8512.029, 9810.412, 0
8514.691, 9790.580, 0
8517.617, 9770.785, 0
8520.806, 9751.031, 0
8524.259, 9731.321, 0
8527.974, 9711.659, 0
8531.952, 9692.048, 0
8536.190, 9672.492, 0
8540.689, 9652.995, 0
8545.448, 9633.559, 0
8550.466, 9614.188, 0
8555.741, 9594.886, 0
8561.274, 9575.656, 0
8567.063, 9556.502, 0
8573.106, 9537.426, 0
8579.404, 9518.433, 0
8585.954, 9499.525, 0
8592.756, 9480.707, 0
8599.809, 9461.981, 0
8607.110, 9443.351, 0
8614.660, 9424.820, 0
8622.456, 9406.391, 0
8630.497, 9388.068, 0
8638.782, 9369.853, 0
8647.309, 9351.751, 0
8656.077, 9333.764, 0
8665.084, 9315.896, 0
8674.328, 9298.149, 0
8683.809, 9280.528, 0
8693.523, 9263.034, 0
8703.470, 9245.672, 0
8713.648, 9228.444, 0
8724.055, 9211.353, 0
8734.689, 9194.402, 0
8745.548, 9177.595, 0
8756.630, 9160.934, 0
8767.934, 9144.423, 0
8779.456, 9128.063, 0
8791.196, 9111.859, 0
8803.152, 9095.813, 0
8815.320, 9079.928, 0
8827.698, 9064.207, 0
8840.286, 9048.652, 0
8853.080, 9033.266, 0
8866.078, 9018.053, 0
8879.278, 9003.014, 0
8892.677, 8988.152, 0
8906.273, 8973.471, 0
8920.064, 8958.972, 0
8934.047, 8944.659, 0
8948.220, 8930.533, 0
8962.580, 8916.598, 0
8977.124, 8902.856, 0
8991.851, 8889.308, 0
9006.757, 8875.959, 0
9021.840, 8862.809, 0
9037.097, 8849.862, 0
9052.525, 8837.120, 0
9068.122, 8824.584, 0
9083.884, 8812.258, 0
9099.810, 8800.143, 0
9115.896, 8788.241, 0
9132.139, 8776.555, 0
9148.536, 8765.087, 0
9165.086, 8753.839, 0
9181.783, 8742.812, 0
9198.627, 8732.009, 0
9215.612, 8721.432, 0
9232.738, 8711.082, 0
9250.000, 8700.962, 0
9267.396, 8691.073, 0
9284.921, 8681.416, 0
9302.575, 8671.995, 0
9320.352, 8662.810, 0
9338.250, 8653.862, 0
9356.266, 8645.154, 0
9374.396, 8636.688, 0
9392.638, 8628.464, 0
9410.988, 8620.484, 0
9429.443, 8612.749, 0
9447.999, 8605.262, 0
9466.654, 8598.022, 0
9485.403, 8591.032, 0
9504.244, 8584.293, 0
9523.173, 8577.806, 0
9542.187, 8571.572, 0
9561.283, 8565.592, 0
9580.457, 8559.867, 0
9599.705, 8554.398, 0
9619.024, 8549.187, 0
9638.412, 8544.234, 0
9657.863, 8539.540, 0
9677.376, 8535.106, 0
9696.946, 8530.933, 0
9716.570, 8527.021, 0
9736.244, 8523.371, 0
9755.965, 8519.984, 0
9775.730, 8516.860, 0
9795.535, 8514.001, 0
9815.376, 8511.405, 0
9835.249, 8509.075, 0
9855.153, 8507.010, 0
9875.081, 8505.211, 0
9895.033, 8503.677, 0
9915.002, 8502.410, 0
9934.987, 8501.410, 0
9954.984, 8500.676, 0
9974.988, 8500.209, 0
9994.997, 8500.008, 0
10015.007, 8500.075, 0
10035.015, 8500.409, 0
10055.016, 8501.009, 0
10075.007, 8501.877, 0
10094.985, 8503.010, 0
10114.946, 8504.411, 0
10134.886, 8506.077, 0
10154.803, 8508.009, 0
10174.691, 8510.207, 0
10194.549, 8512.670, 0
10214.373, 8515.398, 0
10234.158, 8518.389, 0
10253.901, 8521.645, 0
10273.599, 8525.163, 0
10293.249, 8528.944, 0
10312.846, 8532.987, 0
10332.388, 8537.291, 0
10351.870, 8541.855, 0
10371.290, 8546.678, 0
10390.644, 8551.761, 0
10409.928, 8557.101, 0
10429.140, 8562.697, 0
10448.275, 8568.550, 0
10467.330, 8574.657, 0
10486.302, 8581.018, 0
10505.188, 8587.631, 0
10523.983, 8594.496, 0
10542.686, 8601.611, 0
10561.291, 8608.974, 0
10579.797, 8616.586, 0
10598.200, 8624.443, 0
10616.496, 8632.545, 0
10634.683, 8640.891, 0
10652.757, 8649.478, 0
10670.714, 8658.306, 0
10688.552, 8667.373, 0
10706.268, 8676.676, 0
10723.858, 8686.215, 0
10741.319, 8695.988, 0
10758.648, 8705.993, 0
10775.842, 8716.229, 0
10792.898, 8726.692, 0
10809.813, 8737.383, 0
10826.584, 8748.298, 0
10843.208, 8759.435, 0
10859.682, 8770.794, 0
10876.002, 8782.371, 0
10892.167, 8794.165, 0
10908.173, 8806.174, 0
10924.018, 8818.395, 0
10939.698, 8830.826, 0
10955.211, 8843.465, 0
10970.553, 8856.310, 0
10985.724, 8869.359, 0
11000.718, 8882.609, 0
11015.535, 8896.058, 0
11030.171, 8909.703, 0
11044.623, 8923.542, 0
11058.890, 8937.573, 0
11072.968, 8951.792, 0
11086.856, 8966.199, 0
11100.549, 8980.789, 0
11114.048, 8995.561, 0
11127.347, 9010.511, 0
11140.446, 9025.638, 0
11153.343, 9040.938, 0
11166.034, 9056.408, 0
11178.517, 9072.047, 0
11190.791, 9087.850, 0
11202.853, 9103.816, 0
11214.701, 9119.942, 0
11226.332, 9136.224, 0
11237.746, 9152.660, 0
11248.939, 9169.246, 0
11259.910, 9185.981, 0
11270.656, 9202.860, 0
11281.177, 9219.881, 0
11291.469, 9237.041, 0
11301.532, 9254.336, 0
11311.363, 9271.765, 0
11320.961, 9289.323, 0
11330.324, 9307.007, 0
11339.450, 9324.815, 0
11348.337, 9342.743, 0
11356.985, 9360.788, 0
11365.391, 9378.947, 0
11373.554, 9397.216, 0
11381.473, 9415.592, 0
11389.146, 9434.073, 0
11396.572, 9452.654, 0
11403.749, 9471.332, 0
11410.676, 9490.105, 0
11417.352, 9508.968, 0
11423.777, 9527.919, 0
11429.947, 9546.954, 0
11435.864, 9566.069, 0
11441.524, 9585.262, 0
11446.928, 9604.528, 0
11452.075, 9623.865, 0
11456.964, 9643.269, 0
11461.593, 9662.736, 0
11465.962, 9682.263, 0
11470.070, 9701.847, 0
11473.916, 9721.484, 0
11477.500, 9741.170, 0
11480.822, 9760.903, 0
11483.879, 9780.678, 0
11486.673, 9800.492, 0
11489.202, 9820.341, 0
11491.466, 9840.223, 0
11493.465, 9860.132, 0
11495.198, 9880.067, 0
11496.665, 9900.023, 0
11497.865, 9919.997, 0
11498.799, 9939.986, 0
11499.466, 9959.984, 0
11499.867, 9979.990, 0
11500.000, 10000.000, 0
