35000.0, 25000.0, 0
34996.892, 25249.307, 0
34987.569, 25498.459, 0
34972.038, 25747.301, 0
34950.308, 25995.678, 0
34922.392, 26243.437, 0
34888.308, 26490.423, 0
34848.078, 26736.482, 0
34801.725, 26981.461, 0
34749.279, 27225.209, 0
34690.773, 27467.574, 0
34626.242, 27708.405, 0
34555.728, 27947.552, 0
34479.273, 28184.867, 0
34396.926, 28420.201, 0
34308.737, 28653.41
34214.762, 28884.348, 0
34115.059, 29112.871, 0
34009.689, 29338.837, 0
33898.718, 29562.107, 0
33782.216, 29782.54
33660.254, 30000.0
33532.909, 30214.352, 0
33400.259, 30425.463, 0
33262.388, 30633.201, 0
33119.38, 30837.437
32971.325, 31038.044, 0
32818.315, 31234.898, 0
32660.444, 31427.876, 0
32497.812, 31616.858, 0
32330.519, 31801.727, 0
32158.668, 31982.368, 0
31982.368, 32158.668, 0
31801.727, 32330.519, 0
31616.858, 32497.812, 0
31427.876, 32660.444, 0
31234.898, 32818.315, 0
31038.044, 32971.325, 0
30837.437, 33119.38
30633.201, 33262.388, 0
30425.463, 33400.259, 0
30214.352, 33532.909, 0
30000.0, 33660.254
29782.54, 33782.216
29562.107, 33898.718, 0
29338.837, 34009.689, 0
29112.871, 34115.059, 0
28884.348, 34214.762, 0
28653.41, 34308.737
28420.201, 34396.926, 0
28184.867, 34479.273, 0
27947.552, 34555.728, 0
27708.405, 34626.242, 0
27467.574, 34690.773, 0
27225.209, 34749.279, 0
26981.461, 34801.725, 0
26736.482, 34848.078, 0
26490.423, 34888.308, 0
26243.437, 34922.392, 0
25995.678, 34950.308, 0
25747.301, 34972.038, 0
25498.459, 34987.569, 0
25249.307, 34996.892, 0
25000.0, 35000.0
24750.693, 34996.892, 0
24501.541, 34987.569, 0
24252.699, 34972.038, 0
24004.322, 34950.308, 0
23756.563, 34922.392, 0
23509.577, 34888.308, 0
23263.518, 34848.078, 0
23018.539, 34801.725, 0
22774.791, 34749.279, 0
22532.426, 34690.773, 0
22291.595, 34626.242, 0
22052.448, 34555.728, 0
21815.133, 34479.273, 0
21579.799, 34396.926, 0
21346.59, 34308.737
21115.652, 34214.762, 0
20887.129, 34115.059, 0
20661.163, 34009.689, 0
20437.893, 33898.718, 0
20217.46, 33782.216
20000.0, 33660.254
19785.648, 33532.909, 0
19574.537, 33400.259, 0
19366.799, 33262.388, 0
19162.563, 33119.38
18961.956, 32971.325, 0
18765.102, 32818.315, 0
18572.124, 32660.444, 0
18383.142, 32497.812, 0
18198.273, 32330.519, 0
18017.632, 32158.668, 0
17841.332, 31982.368, 0
17669.481, 31801.727, 0
17502.188, 31616.858, 0
17339.556, 31427.876, 0
17181.685, 31234.898, 0
17028.675, 31038.044, 0
16880.62, 30837.437
16737.612, 30633.201, 0
16599.741, 30425.463, 0
16467.091, 30214.352, 0
16339.746, 30000.0
16217.784, 29782.54
16101.282, 29562.107, 0
15990.311, 29338.837, 0
15884.941, 29112.871, 0
15785.238, 28884.348, 0
15691.263, 28653.41
15603.074, 28420.201, 0
15520.727, 28184.867, 0
15444.272, 27947.552, 0
15373.758, 27708.405, 0
15309.227, 27467.574, 0
15250.721, 27225.209, 0
15198.275, 26981.461, 0
15151.922, 26736.482, 0
15111.692, 26490.423, 0
15077.608, 26243.437, 0
15049.692, 25995.678, 0
15027.962, 25747.301, 0
15012.431, 25498.459, 0
15003.108, 25249.307, 0
15000.0, 25000.0
15003.108, 24750.693, 0
15012.431, 24501.541, 0
15027.962, 24252.699, 0
15049.692, 24004.322, 0
15077.608, 23756.563, 0
15111.692, 23509.577, 0
15151.922, 23263.518, 0
15198.275, 23018.539, 0
15250.721, 22774.791, 0
15309.227, 22532.426, 0
15373.758, 22291.595, 0
15444.272, 22052.448, 0
15520.727, 21815.133, 0
15603.074, 21579.799, 0
15691.263, 21346.59
15785.238, 21115.652, 0
15884.941, 20887.129, 0
15990.311, 20661.163, 0
16101.282, 20437.893, 0
16217.784, 20217.46
16339.746, 20000.0
16467.091, 19785.648, 0
16599.741, 19574.537, 0
16737.612, 19366.799, 0
16880.62, 19162.563
17028.675, 18961.956, 0
17181.685, 18765.102, 0
17339.556, 18572.124, 0
17502.188, 18383.142, 0
17669.481, 18198.273, 0
17841.332, 18017.632, 0
18017.632, 17841.332, 0
18198.273, 17669.481, 0
18383.142, 17502.188, 0
18572.124, 17339.556, 0
18765.102, 17181.685, 0
18961.956, 17028.675, 0
19162.563, 16880.62
19366.799, 16737.612, 0
19574.537, 16599.741, 0
19785.648, 16467.091, 0
20000.0, 16339.746
20217.46, 16217.784
20437.893, 16101.282, 0
20661.163, 15990.311, 0
20887.129, 15884.941, 0
21115.652, 15785.238, 0
21346.59, 15691.263
21579.799, 15603.074, 0
21815.133, 15520.727, 0
22052.448, 15444.272, 0
22291.595, 15373.758, 0
22532.426, 15309.227, 0
22774.791, 15250.721, 0
23018.539, 15198.275, 0
23263.518, 15151.922, 0
23509.577, 15111.692, 0
23756.563, 15077.608, 0
24004.322, 15049.692, 0
24252.699, 15027.962, 0
24501.541, 15012.431, 0
24750.693, 15003.108, 0
25000.0, 15000.0
25249.307, 15003.108, 0
25498.459, 15012.431, 0
25747.301, 15027.962, 0
25995.678, 15049.692, 0
26243.437, 15077.608, 0
26490.423, 15111.692, 0
26736.482, 15151.922, 0
26981.461, 15198.275, 0
27225.209, 15250.721, 0
27467.574, 15309.227, 0
27708.405, 15373.758, 0
27947.552, 15444.272, 0
28184.867, 15520.727, 0
28420.201, 15603.074, 0
28653.41, 15691.263
28884.348, 15785.238, 0
29112.871, 15884.941, 0
29338.837, 15990.311, 0
29562.107, 16101.282, 0
29782.54, 16217.784
30000.0, 16339.746
30214.352, 16467.091, 0
30425.463, 16599.741, 0
30633.201, 16737.612, 0
30837.437, 16880.62
31038.044, 17028.675, 0
31234.898, 17181.685, 0
31427.876, 17339.556, 0
31616.858, 17502.188, 0
31801.727, 17669.481, 0
31982.368, 17841.332, 0
32158.668, 18017.632, 0
32330.519, 18198.273, 0
32497.812, 18383.142, 0
32660.444, 18572.124, 0
32818.315, 18765.102, 0
32971.325, 18961.956, 0
33119.38, 19162.563
33262.388, 19366.799, 0
33400.259, 19574.537, 0
33532.909, 19785.648, 0
33660.254, 20000.0
33782.216, 20217.46
33898.718, 20437.893, 0
34009.689, 20661.163, 0
34115.059, 20887.129, 0
34214.762, 21115.652, 0
34308.737, 21346.59
34396.926, 21579.799, 0
34479.273, 21815.133, 0
34555.728, 22052.448, 0
34626.242, 22291.595, 0
34690.773, 22532.426, 0
34749.279, 22774.791, 0
34801.725, 23018.539, 0
34848.078, 23263.518, 0
34888.308, 23509.577, 0
34922.392, 23756.563, 0
34950.308, 24004.322, 0
34972.038, 24252.699, 0
34987.569, 24501.541, 0
34996.892, 24750.693, 0
