10000, 10000, 0
10001, 10000, 0
10002, 10000, 0
10003, 10000, 0
10004, 10000, 0
10005, 10000, 0
10006, 10000, 0
10007, 10000, 0
10008, 10000, 0
10009, 10000, 0
10010, 10000, 0
10011, 10000, 0
10012, 10000, 0
10013, 10000, 0
10014, 10000, 0
10015, 10000, 0
10016, 10000, 0
10017, 10000, 0
10018, 10000, 0
10019, 10000, 0
10020, 10000, 0
10021, 10000, 0
10022, 10000, 0
10023, 10000, 0
10024, 10000, 0
10025, 10000, 0
10026, 10000, 0
10027, 10000, 0
10028, 10000, 0
10029, 10000, 0
10030, 10000, 0
10031, 10000, 0
10032, 10000, 0
10033, 10000, 0
10034, 10000, 0
10035, 10000, 0
10036, 10000, 0
10037, 10000, 0
10038, 10000, 0
10039, 10000, 0
10040, 10000, 0
10041, 10000, 0
10042, 10000, 0
10043, 10000, 0
10044, 10000, 0
10045, 10000, 0
10046, 10000, 0
10047, 10000, 0
10048, 10000, 0
10049, 10000, 0
10050, 10000, 0
10051, 10000, 0
10052, 10000, 0
10053, 10000, 0
10054, 10000, 0
10055, 10000, 0
10056, 10000, 0
10057, 10000, 0
10058, 10000, 0
10059, 10000, 0
10060, 10000, 0
10061, 10000, 0
10062, 10000, 0
10063, 10000, 0
10064, 10000, 0
10065, 10000, 0
10066, 10000, 0
10067, 10000, 0
10068, 10000, 0
10069, 10000, 0
10070, 10000, 0
10071, 10000, 0
10072, 10000, 0
10073, 10000, 0
10074, 10000, 0
10075, 10000, 0
10076, 10000, 0
10077, 10000, 0
10078, 10000, 0
10079, 10000, 0
10080, 10000, 0
10081, 10000, 0
10082, 10000, 0
10083, 10000, 0
10084, 10000, 0
10085, 10000, 0
10086, 10000, 0
10087, 10000, 0
10088, 10000, 0
10089, 10000, 0
10090, 10000, 0
10091, 10000, 0
10092, 10000, 0
10093, 10000, 0
10094, 10000, 0
10095, 10000, 0
10096, 10000, 0
10097, 10000, 0
10098, 10000, 0
10099, 10000, 0
10100, 10000, 0
10101, 10000, 0
10102, 10000, 0
10103, 10000, 0
10104, 10000, 0
10105, 10000, 0
10106, 10000, 0
10107, 10000, 0
10108, 10000, 0
10109, 10000, 0
10110, 10000, 0
10111, 10000, 0
10112, 10000, 0
10113, 10000, 0
10114, 10000, 0
10115, 10000, 0
10116, 10000, 0
10117, 10000, 0
10118, 10000, 0
10119, 10000, 0
10120, 10000, 0
10121, 10000, 0
10122, 10000, 0
10123, 10000, 0
10124, 10000, 0
10125, 10000, 0
10126, 10000, 0
10127, 10000, 0
10128, 10000, 0
10129, 10000, 0
10130, 10000, 0
10131, 10000, 0
10132, 10000, 0
10133, 10000, 0
10134, 10000, 0
10135, 10000, 0
10136, 10000, 0
10137, 10000, 0
10138, 10000, 0
10139, 10000, 0
10140, 10000, 0
10141, 10000, 0
10142, 10000, 0
10143, 10000, 0
10144, 10000, 0
10145, 10000, 0
10146, 10000, 0
10147, 10000, 0
10148, 10000, 0
10149, 10000, 0
10150, 10000, 0
10151, 10000, 0
10152, 10000, 0
10153, 10000, 0
10154, 10000, 0
10155, 10000, 0
10156, 10000, 0
10157, 10000, 0
10158, 10000, 0
10159, 10000, 0
10160, 10000, 0
10161, 10000, 0
10162, 10000, 0
10163, 10000, 0
10164, 10000, 0
10165, 10000, 0
10166, 10000, 0
10167, 10000, 0
10168, 10000, 0
10169, 10000, 0
10170, 10000, 0
10171, 10000, 0
10172, 10000, 0
10173, 10000, 0
10174, 10000, 0
10175, 10000, 0
10176, 10000, 0
10177, 10000, 0
10178, 10000, 0
10179, 10000, 0
10180, 10000, 0
10181, 10000, 0
10182, 10000, 0
10183, 10000, 0
10184, 10000, 0
10185, 10000, 0
10186, 10000, 0
10187, 10000, 0
10188, 10000, 0
10189, 10000, 0
10190, 10000, 0
10191, 10000, 0
10192, 10000, 0
10193, 10000, 0
10194, 10000, 0
10195, 10000, 0
10196, 10000, 0
10197, 10000, 0
10198, 10000, 0
10199, 10000, 0
10200, 10000, 0
10201, 10000, 0
10202, 10000, 0
10203, 10000, 0
10204, 10000, 0
10205, 10000, 0
10206, 10000, 0
10207, 10000, 0
10208, 10000, 0
10209, 10000, 0
10210, 10000, 0
10211, 10000, 0
10212, 10000, 0
10213, 10000, 0
10214, 10000, 0
10215, 10000, 0
10216, 10000, 0
10217, 10000, 0
10218, 10000, 0
10219, 10000, 0
10220, 10000, 0
10221, 10000, 0
10222, 10000, 0
10223, 10000, 0
10224, 10000, 0
10225, 10000, 0
10226, 10000, 0
10227, 10000, 0
10228, 10000, 0
10229, 10000, 0
10230, 10000, 0
10231, 10000, 0
10232, 10000, 0
10233, 10000, 0
10234, 10000, 0
10235, 10000, 0
10236, 10000, 0
10237, 10000, 0
10238, 10000, 0
10239, 10000, 0
10240, 10000, 0
10241, 10000, 0
10242, 10000, 0
10243, 10000, 0
10244, 10000, 0
10245, 10000, 0
10246, 10000, 0
10247, 10000, 0
10248, 10000, 0
10249, 10000, 0
10250, 10000, 0
10251, 10000, 0
10252, 10000, 0
10253, 10000, 0
10254, 10000, 0
10255, 10000, 0
10256, 10000, 0
10257, 10000, 0
10258, 10000, 0
10259, 10000, 0
10260, 10000, 0
10261, 10000, 0
10262, 10000, 0
10263, 10000, 0
10264, 10000, 0
10265, 10000, 0
10266, 10000, 0
10267, 10000, 0
10268, 10000, 0
10269, 10000, 0
10270, 10000, 0
10271, 10000, 0
10272, 10000, 0
10273, 10000, 0
10274, 10000, 0
10275, 10000, 0
10276, 10000, 0
10277, 10000, 0
10278, 10000, 0
10279, 10000, 0
10280, 10000, 0
10281, 10000, 0
10282, 10000, 0
10283, 10000, 0
10284, 10000, 0
10285, 10000, 0
10286, 10000, 0
10287, 10000, 0
10288, 10000, 0
10289, 10000, 0
10290, 10000, 0
10291, 10000, 0
10292, 10000, 0
10293, 10000, 0
10294, 10000, 0
10295, 10000, 0
10296, 10000, 0
10297, 10000, 0
10298, 10000, 0
10299, 10000, 0
10300, 10000, 0
10301, 10000, 0
10302, 10000, 0
10303, 10000, 0
10304, 10000, 0
10305, 10000, 0
10306, 10000, 0
10307, 10000, 0
10308, 10000, 0
10309, 10000, 0
10310, 10000, 0
10311, 10000, 0
10312, 10000, 0
10313, 10000, 0
10314, 10000, 0
10315, 10000, 0
10316, 10000, 0
10317, 10000, 0
10318, 10000, 0
10319, 10000, 0
10320, 10000, 0
10321, 10000, 0
10322, 10000, 0
10323, 10000, 0
10324, 10000, 0
10325, 10000, 0
10326, 10000, 0
10327, 10000, 0
10328, 10000, 0
10329, 10000, 0
10330, 10000, 0
10331, 10000, 0
10332, 10000, 0
10333, 10000, 0
10334, 10000, 0
10335, 10000, 0
10336, 10000, 0
10337, 10000, 0
10338, 10000, 0
10339, 10000, 0
10340, 10000, 0
10341, 10000, 0
10342, 10000, 0
10343, 10000, 0
10344, 10000, 0
10345, 10000, 0
10346, 10000, 0
10347, 10000, 0
10348, 10000, 0
10349, 10000, 0
10350, 10000, 0
10351, 10000, 0
10352, 10000, 0
10353, 10000, 0
10354, 10000, 0
10355, 10000, 0
10356, 10000, 0
10357, 10000, 0
10358, 10000, 0
10359, 10000, 0
10360, 10000, 0
10361, 10000, 0
10362, 10000, 0
10363, 10000, 0
10364, 10000, 0
10365, 10000, 0
10366, 10000, 0
10367, 10000, 0
10368, 10000, 0
10369, 10000, 0
10370, 10000, 0
10371, 10000, 0
10372, 10000, 0
10373, 10000, 0
10374, 10000, 0
10375, 10000, 0
10376, 10000, 0
10377, 10000, 0
10378, 10000, 0
10379, 10000, 0
10380, 10000, 0
10381, 10000, 0
10382, 10000, 0
10383, 10000, 0
10384, 10000, 0
10385, 10000, 0
10386, 10000, 0
10387, 10000, 0
10388, 10000, 0
10389, 10000, 0
10390, 10000, 0
10391, 10000, 0
10392, 10000, 0
10393, 10000, 0
10394, 10000, 0
10395, 10000, 0
10396, 10000, 0
10397, 10000, 0
10398, 10000, 0
10399, 10000, 0
10400, 10000, 0
10401, 10000, 0
10402, 10000, 0
10403, 10000, 0
10404, 10000, 0
10405, 10000, 0
10406, 10000, 0
10407, 10000, 0
10408, 10000, 0
10409, 10000, 0
10410, 10000, 0
10411, 10000, 0
10412, 10000, 0
10413, 10000, 0
10414, 10000, 0
10415, 10000, 0
10416, 10000, 0
10417, 10000, 0
10418, 10000, 0
10419, 10000, 0
10420, 10000, 0
10421, 10000, 0
10422, 10000, 0
10423, 10000, 0
10424, 10000, 0
10425, 10000, 0
10426, 10000, 0
10427, 10000, 0
10428, 10000, 0
10429, 10000, 0
10430, 10000, 0
10431, 10000, 0
10432, 10000, 0
10433, 10000, 0
10434, 10000, 0
10435, 10000, 0
10436, 10000, 0
10437, 10000, 0
10438, 10000, 0
10439, 10000, 0
10440, 10000, 0
10441, 10000, 0
10442, 10000, 0
10443, 10000, 0
10444, 10000, 0
10445, 10000, 0
10446, 10000, 0
10447, 10000, 0
10448, 10000, 0
10449, 10000, 0
10450, 10000, 0
10451, 10000, 0
10452, 10000, 0
10453, 10000, 0
10454, 10000, 0
10455, 10000, 0
10456, 10000, 0
10457, 10000, 0
10458, 10000, 0
10459, 10000, 0
10460, 10000, 0
10461, 10000, 0
10462, 10000, 0
10463, 10000, 0
10464, 10000, 0
10465, 10000, 0
10466, 10000, 0
10467, 10000, 0
10468, 10000, 0
10469, 10000, 0
10470, 10000, 0
10471, 10000, 0
10472, 10000, 0
10473, 10000, 0
10474, 10000, 0
10475, 10000, 0
10476, 10000, 0
10477, 10000, 0
10478, 10000, 0
10479, 10000, 0
10480, 10000, 0
10481, 10000, 0
10482, 10000, 0
10483, 10000, 0
10484, 10000, 0
10485, 10000, 0
10486, 10000, 0
10487, 10000, 0
10488, 10000, 0
10489, 10000, 0
10490, 10000, 0
10491, 10000, 0
10492, 10000, 0
10493, 10000, 0
10494, 10000, 0
10495, 10000, 0
10496, 10000, 0
10497, 10000, 0
10498, 10000, 0
10499, 10000, 0
10500, 10000, 0
10501, 10000, 0
10502, 10000, 0
10503, 10000, 0
10504, 10000, 0
10505, 10000, 0
10506, 10000, 0
10507, 10000, 0
10508, 10000, 0
10509, 10000, 0
10510, 10000, 0
10511, 10000, 0
10512, 10000, 0
10513, 10000, 0
10514, 10000, 0
10515, 10000, 0
10516, 10000, 0
10517, 10000, 0
10518, 10000, 0
10519, 10000, 0
10520, 10000, 0
10521, 10000, 0
10522, 10000, 0
10523, 10000, 0
10524, 10000, 0
10525, 10000, 0
10526, 10000, 0
10527, 10000, 0
10528, 10000, 0
10529, 10000, 0
10530, 10000, 0
10531, 10000, 0
10532, 10000, 0
10533, 10000, 0
10534, 10000, 0
10535, 10000, 0
10536, 10000, 0
10537, 10000, 0
10538, 10000, 0
10539, 10000, 0
10540, 10000, 0
10541, 10000, 0
10542, 10000, 0
10543, 10000, 0
10544, 10000, 0
10545, 10000, 0
10546, 10000, 0
10547, 10000, 0
10548, 10000, 0
10549, 10000, 0
10550, 10000, 0
10551, 10000, 0
10552, 10000, 0
10553, 10000, 0
10554, 10000, 0
10555, 10000, 0
10556, 10000, 0
10557, 10000, 0
10558, 10000, 0
10559, 10000, 0
10560, 10000, 0
10561, 10000, 0
10562, 10000, 0
10563, 10000, 0
10564, 10000, 0
10565, 10000, 0
10566, 10000, 0
10567, 10000, 0
10568, 10000, 0
10569, 10000, 0
10570, 10000, 0
10571, 10000, 0
10572, 10000, 0
10573, 10000, 0
10574, 10000, 0
10575, 10000, 0
10576, 10000, 0
10577, 10000, 0
10578, 10000, 0
10579, 10000, 0
10580, 10000, 0
10581, 10000, 0
10582, 10000, 0
10583, 10000, 0
10584, 10000, 0
10585, 10000, 0
10586, 10000, 0
10587, 10000, 0
10588, 10000, 0
10589, 10000, 0
10590, 10000, 0
10591, 10000, 0
10592, 10000, 0
10593, 10000, 0
10594, 10000, 0
10595, 10000, 0
10596, 10000, 0
10597, 10000, 0
10598, 10000, 0
10599, 10000, 0
10600, 10000, 0
10601, 10000, 0
10602, 10000, 0
10603, 10000, 0
10604, 10000, 0
10605, 10000, 0
10606, 10000, 0
10607, 10000, 0
10608, 10000, 0
10609, 10000, 0
10610, 10000, 0
10611, 10000, 0
10612, 10000, 0
10613, 10000, 0
10614, 10000, 0
10615, 10000, 0
10616, 10000, 0
10617, 10000, 0
10618, 10000, 0
10619, 10000, 0
10620, 10000, 0
10621, 10000, 0
10622, 10000, 0
10623, 10000, 0
10624, 10000, 0
10625, 10000, 0
10626, 10000, 0
10627, 10000, 0
10628, 10000, 0
10629, 10000, 0
10630, 10000, 0
10631, 10000, 0
10632, 10000, 0
10633, 10000, 0
10634, 10000, 0
10635, 10000, 0
10636, 10000, 0
10637, 10000, 0
10638, 10000, 0
10639, 10000, 0
10640, 10000, 0
10641, 10000, 0
10642, 10000, 0
10643, 10000, 0
10644, 10000, 0
10645, 10000, 0
10646, 10000, 0
10647, 10000, 0
10648, 10000, 0
10649, 10000, 0
10650, 10000, 0
10651, 10000, 0
10652, 10000, 0
10653, 10000, 0
10654, 10000, 0
10655, 10000, 0
10656, 10000, 0
10657, 10000, 0
10658, 10000, 0
10659, 10000, 0
10660, 10000, 0
10661, 10000, 0
10662, 10000, 0
10663, 10000, 0
10664, 10000, 0
10665, 10000, 0
10666, 10000, 0
10667, 10000, 0
10668, 10000, 0
10669, 10000, 0
10670, 10000, 0
10671, 10000, 0
10672, 10000, 0
10673, 10000, 0
10674, 10000, 0
10675, 10000, 0
10676, 10000, 0
10677, 10000, 0
10678, 10000, 0
10679, 10000, 0
10680, 10000, 0
10681, 10000, 0
10682, 10000, 0
10683, 10000, 0
10684, 10000, 0
10685, 10000, 0
10686, 10000, 0
10687, 10000, 0
10688, 10000, 0
10689, 10000, 0
10690, 10000, 0
10691, 10000, 0
10692, 10000, 0
10693, 10000, 0
10694, 10000, 0
10695, 10000, 0
10696, 10000, 0
10697, 10000, 0
10698, 10000, 0
10699, 10000, 0
10700, 10000, 0
10701, 10000, 0
10702, 10000, 0
10703, 10000, 0
10704, 10000, 0
10705, 10000, 0
10706, 10000, 0
10707, 10000, 0
10708, 10000, 0
10709, 10000, 0
10710, 10000, 0
10711, 10000, 0
10712, 10000, 0
10713, 10000, 0
10714, 10000, 0
10715, 10000, 0
10716, 10000, 0
10717, 10000, 0
10718, 10000, 0
10719, 10000, 0
10720, 10000, 0
10721, 10000, 0
10722, 10000, 0
10723, 10000, 0
10724, 10000, 0
10725, 10000, 0
10726, 10000, 0
10727, 10000, 0
10728, 10000, 0
10729, 10000, 0
10730, 10000, 0
10731, 10000, 0
10732, 10000, 0
10733, 10000, 0
10734, 10000, 0
10735, 10000, 0
10736, 10000, 0
10737, 10000, 0
10738, 10000, 0
10739, 10000, 0
10740, 10000, 0
10741, 10000, 0
10742, 10000, 0
10743, 10000, 0
10744, 10000, 0
10745, 10000, 0
10746, 10000, 0
10747, 10000, 0
10748, 10000, 0
10749, 10000, 0
10750, 10000, 0
10751, 10000, 0
10752, 10000, 0
10753, 10000, 0
10754, 10000, 0
10755, 10000, 0
10756, 10000, 0
10757, 10000, 0
10758, 10000, 0
10759, 10000, 0
10760, 10000, 0
10761, 10000, 0
10762, 10000, 0
10763, 10000, 0
10764, 10000, 0
10765, 10000, 0
10766, 10000, 0
10767, 10000, 0
10768, 10000, 0
10769, 10000, 0
10770, 10000, 0
10771, 10000, 0
10772, 10000, 0
10773, 10000, 0
10774, 10000, 0
10775, 10000, 0
10776, 10000, 0
10777, 10000, 0
10778, 10000, 0
10779, 10000, 0
10780, 10000, 0
10781, 10000, 0
10782, 10000, 0
10783, 10000, 0
10784, 10000, 0
10785, 10000, 0
10786, 10000, 0
10787, 10000, 0
10788, 10000, 0
10789, 10000, 0
10790, 10000, 0
10791, 10000, 0
10792, 10000, 0
10793, 10000, 0
10794, 10000, 0
10795, 10000, 0
10796, 10000, 0
10797, 10000, 0
10798, 10000, 0
10799, 10000, 0
10800, 10000, 0
10801, 10000, 0
10802, 10000, 0
10803, 10000, 0
10804, 10000, 0
10805, 10000, 0
10806, 10000, 0
10807, 10000, 0
10808, 10000, 0
10809, 10000, 0
10810, 10000, 0
10811, 10000, 0
10812, 10000, 0
10813, 10000, 0
10814, 10000, 0
10815, 10000, 0
10816, 10000, 0
10817, 10000, 0
10818, 10000, 0
10819, 10000, 0
10820, 10000, 0
10821, 10000, 0
10822, 10000, 0
10823, 10000, 0
10824, 10000, 0
10825, 10000, 0
10826, 10000, 0
10827, 10000, 0
10828, 10000, 0
10829, 10000, 0
10830, 10000, 0
10831, 10000, 0
10832, 10000, 0
10833, 10000, 0
10834, 10000, 0
10835, 10000, 0
10836, 10000, 0
10837, 10000, 0
10838, 10000, 0
10839, 10000, 0
10840, 10000, 0
10841, 10000, 0
10842, 10000, 0
10843, 10000, 0
10844, 10000, 0
10845, 10000, 0
10846, 10000, 0
10847, 10000, 0
10848, 10000, 0
10849, 10000, 0
10850, 10000, 0
10851, 10000, 0
10852, 10000, 0
10853, 10000, 0
10854, 10000, 0
10855, 10000, 0
10856, 10000, 0
10857, 10000, 0
10858, 10000, 0
10859, 10000, 0
10860, 10000, 0
10861, 10000, 0
10862, 10000, 0
10863, 10000, 0
10864, 10000, 0
10865, 10000, 0
10866, 10000, 0
10867, 10000, 0
10868, 10000, 0
10869, 10000, 0
10870, 10000, 0
10871, 10000, 0
10872, 10000, 0
10873, 10000, 0
10874, 10000, 0
10875, 10000, 0
10876, 10000, 0
10877, 10000, 0
10878, 10000, 0
10879, 10000, 0
10880, 10000, 0
10881, 10000, 0
10882, 10000, 0
10883, 10000, 0
10884, 10000, 0
10885, 10000, 0
10886, 10000, 0
10887, 10000, 0
10888, 10000, 0
10889, 10000, 0
10890, 10000, 0
10891, 10000, 0
10892, 10000, 0
10893, 10000, 0
10894, 10000, 0
10895, 10000, 0
10896, 10000, 0
10897, 10000, 0
10898, 10000, 0
10899, 10000, 0
10900, 10000, 0
10901, 10000, 0
10902, 10000, 0
10903, 10000, 0
10904, 10000, 0
10905, 10000, 0
10906, 10000, 0
10907, 10000, 0
10908, 10000, 0
10909, 10000, 0
10910, 10000, 0
10911, 10000, 0
10912, 10000, 0
10913, 10000, 0
10914, 10000, 0
10915, 10000, 0
10916, 10000, 0
10917, 10000, 0
10918, 10000, 0
10919, 10000, 0
10920, 10000, 0
10921, 10000, 0
10922, 10000, 0
10923, 10000, 0
10924, 10000, 0
10925, 10000, 0
10926, 10000, 0
10927, 10000, 0
10928, 10000, 0
10929, 10000, 0
10930, 10000, 0
10931, 10000, 0
10932, 10000, 0
10933, 10000, 0
10934, 10000, 0
10935, 10000, 0
10936, 10000, 0
10937, 10000, 0
10938, 10000, 0
10939, 10000, 0
10940, 10000, 0
10941, 10000, 0
10942, 10000, 0
10943, 10000, 0
10944, 10000, 0
10945, 10000, 0
10946, 10000, 0
10947, 10000, 0
10948, 10000, 0
10949, 10000, 0
10950, 10000, 0
10951, 10000, 0
10952, 10000, 0
10953, 10000, 0
10954, 10000, 0
10955, 10000, 0
10956, 10000, 0
10957, 10000, 0
10958, 10000, 0
10959, 10000, 0
10960, 10000, 0
10961, 10000, 0
10962, 10000, 0
10963, 10000, 0
10964, 10000, 0
10965, 10000, 0
10966, 10000, 0
10967, 10000, 0
10968, 10000, 0
10969, 10000, 0
10970, 10000, 0
10971, 10000, 0
10972, 10000, 0
10973, 10000, 0
10974, 10000, 0
10975, 10000, 0
10976, 10000, 0
10977, 10000, 0
10978, 10000, 0
10979, 10000, 0
10980, 10000, 0
10981, 10000, 0
10982, 10000, 0
10983, 10000, 0
10984, 10000, 0
10985, 10000, 0
10986, 10000, 0
10987, 10000, 0
10988, 10000, 0
10989, 10000, 0
10990, 10000, 0
10991, 10000, 0
10992, 10000, 0
10993, 10000, 0
10994, 10000, 0
10995, 10000, 0
10996, 10000, 0
10997, 10000, 0
10998, 10000, 0
10999, 10000, 0
11000, 10000, 0
10000, 10200, 0
10001, 10200, 0
10002, 10200, 0
10003, 10200, 0
10004, 10200, 0
10005, 10200, 0
10006, 10200, 0
10007, 10200, 0
10008, 10200, 0
10009, 10200, 0
10010, 10200, 0
10011, 10200, 0
10012, 10200, 0
10013, 10200, 0
10014, 10200, 0
10015, 10200, 0
10016, 10200, 0
10017, 10200, 0
10018, 10200, 0
10019, 10200, 0
10020, 10200, 0
10021, 10200, 0
10022, 10200, 0
10023, 10200, 0
10024, 10200, 0
10025, 10200, 0
10026, 10200, 0
10027, 10200, 0
10028, 10200, 0
10029, 10200, 0
10030, 10200, 0
10031, 10200, 0
10032, 10200, 0
10033, 10200, 0
10034, 10200, 0
10035, 10200, 0
10036, 10200, 0
10037, 10200, 0
10038, 10200, 0
10039, 10200, 0
10040, 10200, 0
10041, 10200, 0
10042, 10200, 0
10043, 10200, 0
10044, 10200, 0
10045, 10200, 0
10046, 10200, 0
10047, 10200, 0
10048, 10200, 0
10049, 10200, 0
10050, 10200, 0
10051, 10200, 0
10052, 10200, 0
10053, 10200, 0
10054, 10200, 0
10055, 10200, 0
10056, 10200, 0
10057, 10200, 0
10058, 10200, 0
10059, 10200, 0
10060, 10200, 0
10061, 10200, 0
10062, 10200, 0
10063, 10200, 0
10064, 10200, 0
10065, 10200, 0
10066, 10200, 0
10067, 10200, 0
10068, 10200, 0
10069, 10200, 0
10070, 10200, 0
10071, 10200, 0
10072, 10200, 0
10073, 10200, 0
10074, 10200, 0
10075, 10200, 0
10076, 10200, 0
10077, 10200, 0
10078, 10200, 0
10079, 10200, 0
10080, 10200, 0
10081, 10200, 0
10082, 10200, 0
10083, 10200, 0
10084, 10200, 0
10085, 10200, 0
10086, 10200, 0
10087, 10200, 0
10088, 10200, 0
10089, 10200, 0
10090, 10200, 0
10091, 10200, 0
10092, 10200, 0
10093, 10200, 0
10094, 10200, 0
10095, 10200, 0
10096, 10200, 0
10097, 10200, 0
10098, 10200, 0
10099, 10200, 0
10100, 10200, 0
10101, 10200, 0
10102, 10200, 0
10103, 10200, 0
10104, 10200, 0
10105, 10200, 0
10106, 10200, 0
10107, 10200, 0
10108, 10200, 0
10109, 10200, 0
10110, 10200, 0
10111, 10200, 0
10112, 10200, 0
10113, 10200, 0
10114, 10200, 0
10115, 10200, 0
10116, 10200, 0
10117, 10200, 0
10118, 10200, 0
10119, 10200, 0
10120, 10200, 0
10121, 10200, 0
10122, 10200, 0
10123, 10200, 0
10124, 10200, 0
10125, 10200, 0
10126, 10200, 0
10127, 10200, 0
10128, 10200, 0
10129, 10200, 0
10130, 10200, 0
10131, 10200, 0
10132, 10200, 0
10133, 10200, 0
10134, 10200, 0
10135, 10200, 0
10136, 10200, 0
10137, 10200, 0
10138, 10200, 0
10139, 10200, 0
10140, 10200, 0
10141, 10200, 0
10142, 10200, 0
10143, 10200, 0
10144, 10200, 0
10145, 10200, 0
10146, 10200, 0
10147, 10200, 0
10148, 10200, 0
10149, 10200, 0
10150, 10200, 0
10151, 10200, 0
10152, 10200, 0
10153, 10200, 0
10154, 10200, 0
10155, 10200, 0
10156, 10200, 0
10157, 10200, 0
10158, 10200, 0
10159, 10200, 0
10160, 10200, 0
10161, 10200, 0
10162, 10200, 0
10163, 10200, 0
10164, 10200, 0
10165, 10200, 0
10166, 10200, 0
10167, 10200, 0
10168, 10200, 0
10169, 10200, 0
10170, 10200, 0
10171, 10200, 0
10172, 10200, 0
10173, 10200, 0
10174, 10200, 0
10175, 10200, 0
10176, 10200, 0
10177, 10200, 0
10178, 10200, 0
10179, 10200, 0
10180, 10200, 0
10181, 10200, 0
10182, 10200, 0
10183, 10200, 0
10184, 10200, 0
10185, 10200, 0
10186, 10200, 0
10187, 10200, 0
10188, 10200, 0
10189, 10200, 0
10190, 10200, 0
10191, 10200, 0
10192, 10200, 0
10193, 10200, 0
10194, 10200, 0
10195, 10200, 0
10196, 10200, 0
10197, 10200, 0
10198, 10200, 0
10199, 10200, 0
10200, 10200, 0
10201, 10200, 0
10202, 10200, 0
10203, 10200, 0
10204, 10200, 0
10205, 10200, 0
10206, 10200, 0
10207, 10200, 0
10208, 10200, 0
10209, 10200, 0
10210, 10200, 0
10211, 10200, 0
10212, 10200, 0
10213, 10200, 0
10214, 10200, 0
10215, 10200, 0
10216, 10200, 0
10217, 10200, 0
10218, 10200, 0
10219, 10200, 0
10220, 10200, 0
10221, 10200, 0
10222, 10200, 0
10223, 10200, 0
10224, 10200, 0
10225, 10200, 0
10226, 10200, 0
10227, 10200, 0
10228, 10200, 0
10229, 10200, 0
10230, 10200, 0
10231, 10200, 0
10232, 10200, 0
10233, 10200, 0
10234, 10200, 0
10235, 10200, 0
10236, 10200, 0
10237, 10200, 0
10238, 10200, 0
10239, 10200, 0
10240, 10200, 0
10241, 10200, 0
10242, 10200, 0
10243, 10200, 0
10244, 10200, 0
10245, 10200, 0
10246, 10200, 0
10247, 10200, 0
10248, 10200, 0
10249, 10200, 0
10250, 10200, 0
10251, 10200, 0
10252, 10200, 0
10253, 10200, 0
10254, 10200, 0
10255, 10200, 0
10256, 10200, 0
10257, 10200, 0
10258, 10200, 0
10259, 10200, 0
10260, 10200, 0
10261, 10200, 0
10262, 10200, 0
10263, 10200, 0
10264, 10200, 0
10265, 10200, 0
10266, 10200, 0
10267, 10200, 0
10268, 10200, 0
10269, 10200, 0
10270, 10200, 0
10271, 10200, 0
10272, 10200, 0
10273, 10200, 0
10274, 10200, 0
10275, 10200, 0
10276, 10200, 0
10277, 10200, 0
10278, 10200, 0
10279, 10200, 0
10280, 10200, 0
10281, 10200, 0
10282, 10200, 0
10283, 10200, 0
10284, 10200, 0
10285, 10200, 0
10286, 10200, 0
10287, 10200, 0
10288, 10200, 0
10289, 10200, 0
10290, 10200, 0
10291, 10200, 0
10292, 10200, 0
10293, 10200, 0
10294, 10200, 0
10295, 10200, 0
10296, 10200, 0
10297, 10200, 0
10298, 10200, 0
10299, 10200, 0
10300, 10200, 0
10301, 10200, 0
10302, 10200, 0
10303, 10200, 0
10304, 10200, 0
10305, 10200, 0
10306, 10200, 0
10307, 10200, 0
10308, 10200, 0
10309, 10200, 0
10310, 10200, 0
10311, 10200, 0
10312, 10200, 0
10313, 10200, 0
10314, 10200, 0
10315, 10200, 0
10316, 10200, 0
10317, 10200, 0
10318, 10200, 0
10319, 10200, 0
10320, 10200, 0
10321, 10200, 0
10322, 10200, 0
10323, 10200, 0
10324, 10200, 0
10325, 10200, 0
10326, 10200, 0
10327, 10200, 0
10328, 10200, 0
10329, 10200, 0
10330, 10200, 0
10331, 10200, 0
10332, 10200, 0
10333, 10200, 0
10334, 10200, 0
10335, 10200, 0
10336, 10200, 0
10337, 10200, 0
10338, 10200, 0
10339, 10200, 0
10340, 10200, 0
10341, 10200, 0
10342, 10200, 0
10343, 10200, 0
10344, 10200, 0
10345, 10200, 0
10346, 10200, 0
10347, 10200, 0
10348, 10200, 0
10349, 10200, 0
10350, 10200, 0
10351, 10200, 0
10352, 10200, 0
10353, 10200, 0
10354, 10200, 0
10355, 10200, 0
10356, 10200, 0
10357, 10200, 0
10358, 10200, 0
10359, 10200, 0
10360, 10200, 0
10361, 10200, 0
10362, 10200, 0
10363, 10200, 0
10364, 10200, 0
10365, 10200, 0
10366, 10200, 0
10367, 10200, 0
10368, 10200, 0
10369, 10200, 0
10370, 10200, 0
10371, 10200, 0
10372, 10200, 0
10373, 10200, 0
10374, 10200, 0
10375, 10200, 0
10376, 10200, 0
10377, 10200, 0
10378, 10200, 0
10379, 10200, 0
10380, 10200, 0
10381, 10200, 0
10382, 10200, 0
10383, 10200, 0
10384, 10200, 0
10385, 10200, 0
10386, 10200, 0
10387, 10200, 0
10388, 10200, 0
10389, 10200, 0
10390, 10200, 0
10391, 10200, 0
10392, 10200, 0
10393, 10200, 0
10394, 10200, 0
10395, 10200, 0
10396, 10200, 0
10397, 10200, 0
10398, 10200, 0
10399, 10200, 0
10400, 10200, 0
10401, 10200, 0
10402, 10200, 0
10403, 10200, 0
10404, 10200, 0
10405, 10200, 0
10406, 10200, 0
10407, 10200, 0
10408, 10200, 0
10409, 10200, 0
10410, 10200, 0
10411, 10200, 0
10412, 10200, 0
10413, 10200, 0
10414, 10200, 0
10415, 10200, 0
10416, 10200, 0
10417, 10200, 0
10418, 10200, 0
10419, 10200, 0
10420, 10200, 0
10421, 10200, 0
10422, 10200, 0
10423, 10200, 0
10424, 10200, 0
10425, 10200, 0
10426, 10200, 0
10427, 10200, 0
10428, 10200, 0
10429, 10200, 0
10430, 10200, 0
10431, 10200, 0
10432, 10200, 0
10433, 10200, 0
10434, 10200, 0
10435, 10200, 0
10436, 10200, 0
10437, 10200, 0
10438, 10200, 0
10439, 10200, 0
10440, 10200, 0
10441, 10200, 0
10442, 10200, 0
10443, 10200, 0
10444, 10200, 0
10445, 10200, 0
10446, 10200, 0
10447, 10200, 0
10448, 10200, 0
10449, 10200, 0
10450, 10200, 0
10451, 10200, 0
10452, 10200, 0
10453, 10200, 0
10454, 10200, 0
10455, 10200, 0
10456, 10200, 0
10457, 10200, 0
10458, 10200, 0
10459, 10200, 0
10460, 10200, 0
10461, 10200, 0
10462, 10200, 0
10463, 10200, 0
10464, 10200, 0
10465, 10200, 0
10466, 10200, 0
10467, 10200, 0
10468, 10200, 0
10469, 10200, 0
10470, 10200, 0
10471, 10200, 0
10472, 10200, 0
10473, 10200, 0
10474, 10200, 0
10475, 10200, 0
10476, 10200, 0
10477, 10200, 0
10478, 10200, 0
10479, 10200, 0
10480, 10200, 0
10481, 10200, 0
10482, 10200, 0
10483, 10200, 0
10484, 10200, 0
10485, 10200, 0
10486, 10200, 0
10487, 10200, 0
10488, 10200, 0
10489, 10200, 0
10490, 10200, 0
10491, 10200, 0
10492, 10200, 0
10493, 10200, 0
10494, 10200, 0
10495, 10200, 0
10496, 10200, 0
10497, 10200, 0
10498, 10200, 0
10499, 10200, 0
10500, 10200, 0
10501, 10200, 0
10502, 10200, 0
10503, 10200, 0
10504, 10200, 0
10505, 10200, 0
10506, 10200, 0
10507, 10200, 0
10508, 10200, 0
10509, 10200, 0
10510, 10200, 0
10511, 10200, 0
10512, 10200, 0
10513, 10200, 0
10514, 10200, 0
10515, 10200, 0
10516, 10200, 0
10517, 10200, 0
10518, 10200, 0
10519, 10200, 0
10520, 10200, 0
10521, 10200, 0
10522, 10200, 0
10523, 10200, 0
10524, 10200, 0
10525, 10200, 0
10526, 10200, 0
10527, 10200, 0
10528, 10200, 0
10529, 10200, 0
10530, 10200, 0
10531, 10200, 0
10532, 10200, 0
10533, 10200, 0
10534, 10200, 0
10535, 10200, 0
10536, 10200, 0
10537, 10200, 0
10538, 10200, 0
10539, 10200, 0
10540, 10200, 0
10541, 10200, 0
10542, 10200, 0
10543, 10200, 0
10544, 10200, 0
10545, 10200, 0
10546, 10200, 0
10547, 10200, 0
10548, 10200, 0
10549, 10200, 0
10550, 10200, 0
10551, 10200, 0
10552, 10200, 0
10553, 10200, 0
10554, 10200, 0
10555, 10200, 0
10556, 10200, 0
10557, 10200, 0
10558, 10200, 0
10559, 10200, 0
10560, 10200, 0
10561, 10200, 0
10562, 10200, 0
10563, 10200, 0
10564, 10200, 0
10565, 10200, 0
10566, 10200, 0
10567, 10200, 0
10568, 10200, 0
10569, 10200, 0
10570, 10200, 0
10571, 10200, 0
10572, 10200, 0
10573, 10200, 0
10574, 10200, 0
10575, 10200, 0
10576, 10200, 0
10577, 10200, 0
10578, 10200, 0
10579, 10200, 0
10580, 10200, 0
10581, 10200, 0
10582, 10200, 0
10583, 10200, 0
10584, 10200, 0
10585, 10200, 0
10586, 10200, 0
10587, 10200, 0
10588, 10200, 0
10589, 10200, 0
10590, 10200, 0
10591, 10200, 0
10592, 10200, 0
10593, 10200, 0
10594, 10200, 0
10595, 10200, 0
10596, 10200, 0
10597, 10200, 0
10598, 10200, 0
10599, 10200, 0
10600, 10200, 0
10601, 10200, 0
10602, 10200, 0
10603, 10200, 0
10604, 10200, 0
10605, 10200, 0
10606, 10200, 0
10607, 10200, 0
10608, 10200, 0
10609, 10200, 0
10610, 10200, 0
10611, 10200, 0
10612, 10200, 0
10613, 10200, 0
10614, 10200, 0
10615, 10200, 0
10616, 10200, 0
10617, 10200, 0
10618, 10200, 0
10619, 10200, 0
10620, 10200, 0
10621, 10200, 0
10622, 10200, 0
10623, 10200, 0
10624, 10200, 0
10625, 10200, 0
10626, 10200, 0
10627, 10200, 0
10628, 10200, 0
10629, 10200, 0
10630, 10200, 0
10631, 10200, 0
10632, 10200, 0
10633, 10200, 0
10634, 10200, 0
10635, 10200, 0
10636, 10200, 0
10637, 10200, 0
10638, 10200, 0
10639, 10200, 0
10640, 10200, 0
10641, 10200, 0
10642, 10200, 0
10643, 10200, 0
10644, 10200, 0
10645, 10200, 0
10646, 10200, 0
10647, 10200, 0
10648, 10200, 0
10649, 10200, 0
10650, 10200, 0
10651, 10200, 0
10652, 10200, 0
10653, 10200, 0
10654, 10200, 0
10655, 10200, 0
10656, 10200, 0
10657, 10200, 0
10658, 10200, 0
10659, 10200, 0
10660, 10200, 0
10661, 10200, 0
10662, 10200, 0
10663, 10200, 0
10664, 10200, 0
10665, 10200, 0
10666, 10200, 0
10667, 10200, 0
10668, 10200, 0
10669, 10200, 0
10670, 10200, 0
10671, 10200, 0
10672, 10200, 0
10673, 10200, 0
10674, 10200, 0
10675, 10200, 0
10676, 10200, 0
10677, 10200, 0
10678, 10200, 0
10679, 10200, 0
10680, 10200, 0
10681, 10200, 0
10682, 10200, 0
10683, 10200, 0
10684, 10200, 0
10685, 10200, 0
10686, 10200, 0
10687, 10200, 0
10688, 10200, 0
10689, 10200, 0
10690, 10200, 0
10691, 10200, 0
10692, 10200, 0
10693, 10200, 0
10694, 10200, 0
10695, 10200, 0
10696, 10200, 0
10697, 10200, 0
10698, 10200, 0
10699, 10200, 0
10700, 10200, 0
10701, 10200, 0
10702, 10200, 0
10703, 10200, 0
10704, 10200, 0
10705, 10200, 0
10706, 10200, 0
10707, 10200, 0
10708, 10200, 0
10709, 10200, 0
10710, 10200, 0
10711, 10200, 0
10712, 10200, 0
10713, 10200, 0
10714, 10200, 0
10715, 10200, 0
10716, 10200, 0
10717, 10200, 0
10718, 10200, 0
10719, 10200, 0
10720, 10200, 0
10721, 10200, 0
10722, 10200, 0
10723, 10200, 0
10724, 10200, 0
10725, 10200, 0
10726, 10200, 0
10727, 10200, 0
10728, 10200, 0
10729, 10200, 0
10730, 10200, 0
10731, 10200, 0
10732, 10200, 0
10733, 10200, 0
10734, 10200, 0
10735, 10200, 0
10736, 10200, 0
10737, 10200, 0
10738, 10200, 0
10739, 10200, 0
10740, 10200, 0
10741, 10200, 0
10742, 10200, 0
10743, 10200, 0
10744, 10200, 0
10745, 10200, 0
10746, 10200, 0
10747, 10200, 0
10748, 10200, 0
10749, 10200, 0
10750, 10200, 0
10751, 10200, 0
10752, 10200, 0
10753, 10200, 0
10754, 10200, 0
10755, 10200, 0
10756, 10200, 0
10757, 10200, 0
10758, 10200, 0
10759, 10200, 0
10760, 10200, 0
10761, 10200, 0
10762, 10200, 0
10763, 10200, 0
10764, 10200, 0
10765, 10200, 0
10766, 10200, 0
10767, 10200, 0
10768, 10200, 0
10769, 10200, 0
10770, 10200, 0
10771, 10200, 0
10772, 10200, 0
10773, 10200, 0
10774, 10200, 0
10775, 10200, 0
10776, 10200, 0
10777, 10200, 0
10778, 10200, 0
10779, 10200, 0
10780, 10200, 0
10781, 10200, 0
10782, 10200, 0
10783, 10200, 0
10784, 10200, 0
10785, 10200, 0
10786, 10200, 0
10787, 10200, 0
10788, 10200, 0
10789, 10200, 0
10790, 10200, 0
10791, 10200, 0
10792, 10200, 0
10793, 10200, 0
10794, 10200, 0
10795, 10200, 0
10796, 10200, 0
10797, 10200, 0
10798, 10200, 0
10799, 10200, 0
10800, 10200, 0
10801, 10200, 0
10802, 10200, 0
10803, 10200, 0
10804, 10200, 0
10805, 10200, 0
10806, 10200, 0
10807, 10200, 0
10808, 10200, 0
10809, 10200, 0
10810, 10200, 0
10811, 10200, 0
10812, 10200, 0
10813, 10200, 0
10814, 10200, 0
10815, 10200, 0
10816, 10200, 0
10817, 10200, 0
10818, 10200, 0
10819, 10200, 0
10820, 10200, 0
10821, 10200, 0
10822, 10200, 0
10823, 10200, 0
10824, 10200, 0
10825, 10200, 0
10826, 10200, 0
10827, 10200, 0
10828, 10200, 0
10829, 10200, 0
10830, 10200, 0
10831, 10200, 0
10832, 10200, 0
10833, 10200, 0
10834, 10200, 0
10835, 10200, 0
10836, 10200, 0
10837, 10200, 0
10838, 10200, 0
10839, 10200, 0
10840, 10200, 0
10841, 10200, 0
10842, 10200, 0
10843, 10200, 0
10844, 10200, 0
10845, 10200, 0
10846, 10200, 0
10847, 10200, 0
10848, 10200, 0
10849, 10200, 0
10850, 10200, 0
10851, 10200, 0
10852, 10200, 0
10853, 10200, 0
10854, 10200, 0
10855, 10200, 0
10856, 10200, 0
10857, 10200, 0
10858, 10200, 0
10859, 10200, 0
10860, 10200, 0
10861, 10200, 0
10862, 10200, 0
10863, 10200, 0
10864, 10200, 0
10865, 10200, 0
10866, 10200, 0
10867, 10200, 0
10868, 10200, 0
10869, 10200, 0
10870, 10200, 0
10871, 10200, 0
10872, 10200, 0
10873, 10200, 0
10874, 10200, 0
10875, 10200, 0
10876, 10200, 0
10877, 10200, 0
10878, 10200, 0
10879, 10200, 0
10880, 10200, 0
10881, 10200, 0
10882, 10200, 0
10883, 10200, 0
10884, 10200, 0
10885, 10200, 0
10886, 10200, 0
10887, 10200, 0
10888, 10200, 0
10889, 10200, 0
10890, 10200, 0
10891, 10200, 0
10892, 10200, 0
10893, 10200, 0
10894, 10200, 0
10895, 10200, 0
10896, 10200, 0
10897, 10200, 0
10898, 10200, 0
10899, 10200, 0
10900, 10200, 0
10901, 10200, 0
10902, 10200, 0
10903, 10200, 0
10904, 10200, 0
10905, 10200, 0
10906, 10200, 0
10907, 10200, 0
10908, 10200, 0
10909, 10200, 0
10910, 10200, 0
10911, 10200, 0
10912, 10200, 0
10913, 10200, 0
10914, 10200, 0
10915, 10200, 0
10916, 10200, 0
10917, 10200, 0
10918, 10200, 0
10919, 10200, 0
10920, 10200, 0
10921, 10200, 0
10922, 10200, 0
10923, 10200, 0
10924, 10200, 0
10925, 10200, 0
10926, 10200, 0
10927, 10200, 0
10928, 10200, 0
10929, 10200, 0
10930, 10200, 0
10931, 10200, 0
10932, 10200, 0
10933, 10200, 0
10934, 10200, 0
10935, 10200, 0
10936, 10200, 0
10937, 10200, 0
10938, 10200, 0
10939, 10200, 0
10940, 10200, 0
10941, 10200, 0
10942, 10200, 0
10943, 10200, 0
10944, 10200, 0
10945, 10200, 0
10946, 10200, 0
10947, 10200, 0
10948, 10200, 0
10949, 10200, 0
10950, 10200, 0
10951, 10200, 0
10952, 10200, 0
10953, 10200, 0
10954, 10200, 0
10955, 10200, 0
10956, 10200, 0
10957, 10200, 0
10958, 10200, 0
10959, 10200, 0
10960, 10200, 0
10961, 10200, 0
10962, 10200, 0
10963, 10200, 0
10964, 10200, 0
10965, 10200, 0
10966, 10200, 0
10967, 10200, 0
10968, 10200, 0
10969, 10200, 0
10970, 10200, 0
10971, 10200, 0
10972, 10200, 0
10973, 10200, 0
10974, 10200, 0
10975, 10200, 0
10976, 10200, 0
10977, 10200, 0
10978, 10200, 0
10979, 10200, 0
10980, 10200, 0
10981, 10200, 0
10982, 10200, 0
10983, 10200, 0
10984, 10200, 0
10985, 10200, 0
10986, 10200, 0
10987, 10200, 0
10988, 10200, 0
10989, 10200, 0
10990, 10200, 0
10991, 10200, 0
10992, 10200, 0
10993, 10200, 0
10994, 10200, 0
10995, 10200, 0
10996, 10200, 0
10997, 10200, 0
10998, 10200, 0
10999, 10200, 0
11000, 10200, 0
10000, 10600, 0
10001, 10600, 0
10002, 10600, 0
10003, 10600, 0
10004, 10600, 0
10005, 10600, 0
10006, 10600, 0
10007, 10600, 0
10008, 10600, 0
10009, 10600, 0
10010, 10600, 0
10011, 10600, 0
10012, 10600, 0
10013, 10600, 0
10014, 10600, 0
10015, 10600, 0
10016, 10600, 0
10017, 10600, 0
10018, 10600, 0
10019, 10600, 0
10020, 10600, 0
10021, 10600, 0
10022, 10600, 0
10023, 10600, 0
10024, 10600, 0
10025, 10600, 0
10026, 10600, 0
10027, 10600, 0
10028, 10600, 0
10029, 10600, 0
10030, 10600, 0
10031, 10600, 0
10032, 10600, 0
10033, 10600, 0
10034, 10600, 0
10035, 10600, 0
10036, 10600, 0
10037, 10600, 0
10038, 10600, 0
10039, 10600, 0
10040, 10600, 0
10041, 10600, 0
10042, 10600, 0
10043, 10600, 0
10044, 10600, 0
10045, 10600, 0
10046, 10600, 0
10047, 10600, 0
10048, 10600, 0
10049, 10600, 0
10050, 10600, 0
10051, 10600, 0
10052, 10600, 0
10053, 10600, 0
10054, 10600, 0
10055, 10600, 0
10056, 10600, 0
10057, 10600, 0
10058, 10600, 0
10059, 10600, 0
10060, 10600, 0
10061, 10600, 0
10062, 10600, 0
10063, 10600, 0
10064, 10600, 0
10065, 10600, 0
10066, 10600, 0
10067, 10600, 0
10068, 10600, 0
10069, 10600, 0
10070, 10600, 0
10071, 10600, 0
10072, 10600, 0
10073, 10600, 0
10074, 10600, 0
10075, 10600, 0
10076, 10600, 0
10077, 10600, 0
10078, 10600, 0
10079, 10600, 0
10080, 10600, 0
10081, 10600, 0
10082, 10600, 0
10083, 10600, 0
10084, 10600, 0
10085, 10600, 0
10086, 10600, 0
10087, 10600, 0
10088, 10600, 0
10089, 10600, 0
10090, 10600, 0
10091, 10600, 0
10092, 10600, 0
10093, 10600, 0
10094, 10600, 0
10095, 10600, 0
10096, 10600, 0
10097, 10600, 0
10098, 10600, 0
10099, 10600, 0
10100, 10600, 0
10101, 10600, 0
10102, 10600, 0
10103, 10600, 0
10104, 10600, 0
10105, 10600, 0
10106, 10600, 0
10107, 10600, 0
10108, 10600, 0
10109, 10600, 0
10110, 10600, 0
10111, 10600, 0
10112, 10600, 0
10113, 10600, 0
10114, 10600, 0
10115, 10600, 0
10116, 10600, 0
10117, 10600, 0
10118, 10600, 0
10119, 10600, 0
10120, 10600, 0
10121, 10600, 0
10122, 10600, 0
10123, 10600, 0
10124, 10600, 0
10125, 10600, 0
10126, 10600, 0
10127, 10600, 0
10128, 10600, 0
10129, 10600, 0
10130, 10600, 0
10131, 10600, 0
10132, 10600, 0
10133, 10600, 0
10134, 10600, 0
10135, 10600, 0
10136, 10600, 0
10137, 10600, 0
10138, 10600, 0
10139, 10600, 0
10140, 10600, 0
10141, 10600, 0
10142, 10600, 0
10143, 10600, 0
10144, 10600, 0
10145, 10600, 0
10146, 10600, 0
10147, 10600, 0
10148, 10600, 0
10149, 10600, 0
10150, 10600, 0
10151, 10600, 0
10152, 10600, 0
10153, 10600, 0
10154, 10600, 0
10155, 10600, 0
10156, 10600, 0
10157, 10600, 0
10158, 10600, 0
10159, 10600, 0
10160, 10600, 0
10161, 10600, 0
10162, 10600, 0
10163, 10600, 0
10164, 10600, 0
10165, 10600, 0
10166, 10600, 0
10167, 10600, 0
10168, 10600, 0
10169, 10600, 0
10170, 10600, 0
10171, 10600, 0
10172, 10600, 0
10173, 10600, 0
10174, 10600, 0
10175, 10600, 0
10176, 10600, 0
10177, 10600, 0
10178, 10600, 0
10179, 10600, 0
10180, 10600, 0
10181, 10600, 0
10182, 10600, 0
10183, 10600, 0
10184, 10600, 0
10185, 10600, 0
10186, 10600, 0
10187, 10600, 0
10188, 10600, 0
10189, 10600, 0
10190, 10600, 0
10191, 10600, 0
10192, 10600, 0
10193, 10600, 0
10194, 10600, 0
10195, 10600, 0
10196, 10600, 0
10197, 10600, 0
10198, 10600, 0
10199, 10600, 0
10200, 10600, 0
10201, 10600, 0
10202, 10600, 0
10203, 10600, 0
10204, 10600, 0
10205, 10600, 0
10206, 10600, 0
10207, 10600, 0
10208, 10600, 0
10209, 10600, 0
10210, 10600, 0
10211, 10600, 0
10212, 10600, 0
10213, 10600, 0
10214, 10600, 0
10215, 10600, 0
10216, 10600, 0
10217, 10600, 0
10218, 10600, 0
10219, 10600, 0
10220, 10600, 0
10221, 10600, 0
10222, 10600, 0
10223, 10600, 0
10224, 10600, 0
10225, 10600, 0
10226, 10600, 0
10227, 10600, 0
10228, 10600, 0
10229, 10600, 0
10230, 10600, 0
10231, 10600, 0
10232, 10600, 0
10233, 10600, 0
10234, 10600, 0
10235, 10600, 0
10236, 10600, 0
10237, 10600, 0
10238, 10600, 0
10239, 10600, 0
10240, 10600, 0
10241, 10600, 0
10242, 10600, 0
10243, 10600, 0
10244, 10600, 0
10245, 10600, 0
10246, 10600, 0
10247, 10600, 0
10248, 10600, 0
10249, 10600, 0
10250, 10600, 0
10251, 10600, 0
10252, 10600, 0
10253, 10600, 0
10254, 10600, 0
10255, 10600, 0
10256, 10600, 0
10257, 10600, 0
10258, 10600, 0
10259, 10600, 0
10260, 10600, 0
10261, 10600, 0
10262, 10600, 0
10263, 10600, 0
10264, 10600, 0
10265, 10600, 0
10266, 10600, 0
10267, 10600, 0
10268, 10600, 0
10269, 10600, 0
10270, 10600, 0
10271, 10600, 0
10272, 10600, 0
10273, 10600, 0
10274, 10600, 0
10275, 10600, 0
10276, 10600, 0
10277, 10600, 0
10278, 10600, 0
10279, 10600, 0
10280, 10600, 0
10281, 10600, 0
10282, 10600, 0
10283, 10600, 0
10284, 10600, 0
10285, 10600, 0
10286, 10600, 0
10287, 10600, 0
10288, 10600, 0
10289, 10600, 0
10290, 10600, 0
10291, 10600, 0
10292, 10600, 0
10293, 10600, 0
10294, 10600, 0
10295, 10600, 0
10296, 10600, 0
10297, 10600, 0
10298, 10600, 0
10299, 10600, 0
10300, 10600, 0
10301, 10600, 0
10302, 10600, 0
10303, 10600, 0
10304, 10600, 0
10305, 10600, 0
10306, 10600, 0
10307, 10600, 0
10308, 10600, 0
10309, 10600, 0
10310, 10600, 0
10311, 10600, 0
10312, 10600, 0
10313, 10600, 0
10314, 10600, 0
10315, 10600, 0
10316, 10600, 0
10317, 10600, 0
10318, 10600, 0
10319, 10600, 0
10320, 10600, 0
10321, 10600, 0
10322, 10600, 0
10323, 10600, 0
10324, 10600, 0
10325, 10600, 0
10326, 10600, 0
10327, 10600, 0
10328, 10600, 0
10329, 10600, 0
10330, 10600, 0
10331, 10600, 0
10332, 10600, 0
10333, 10600, 0
10334, 10600, 0
10335, 10600, 0
10336, 10600, 0
10337, 10600, 0
10338, 10600, 0
10339, 10600, 0
10340, 10600, 0
10341, 10600, 0
10342, 10600, 0
10343, 10600, 0
10344, 10600, 0
10345, 10600, 0
10346, 10600, 0
10347, 10600, 0
10348, 10600, 0
10349, 10600, 0
10350, 10600, 0
10351, 10600, 0
10352, 10600, 0
10353, 10600, 0
10354, 10600, 0
10355, 10600, 0
10356, 10600, 0
10357, 10600, 0
10358, 10600, 0
10359, 10600, 0
10360, 10600, 0
10361, 10600, 0
10362, 10600, 0
10363, 10600, 0
10364, 10600, 0
10365, 10600, 0
10366, 10600, 0
10367, 10600, 0
10368, 10600, 0
10369, 10600, 0
10370, 10600, 0
10371, 10600, 0
10372, 10600, 0
10373, 10600, 0
10374, 10600, 0
10375, 10600, 0
10376, 10600, 0
10377, 10600, 0
10378, 10600, 0
10379, 10600, 0
10380, 10600, 0
10381, 10600, 0
10382, 10600, 0
10383, 10600, 0
10384, 10600, 0
10385, 10600, 0
10386, 10600, 0
10387, 10600, 0
10388, 10600, 0
10389, 10600, 0
10390, 10600, 0
10391, 10600, 0
10392, 10600, 0
10393, 10600, 0
10394, 10600, 0
10395, 10600, 0
10396, 10600, 0
10397, 10600, 0
10398, 10600, 0
10399, 10600, 0
10400, 10600, 0
10401, 10600, 0
10402, 10600, 0
10403, 10600, 0
10404, 10600, 0
10405, 10600, 0
10406, 10600, 0
10407, 10600, 0
10408, 10600, 0
10409, 10600, 0
10410, 10600, 0
10411, 10600, 0
10412, 10600, 0
10413, 10600, 0
10414, 10600, 0
10415, 10600, 0
10416, 10600, 0
10417, 10600, 0
10418, 10600, 0
10419, 10600, 0
10420, 10600, 0
10421, 10600, 0
10422, 10600, 0
10423, 10600, 0
10424, 10600, 0
10425, 10600, 0
10426, 10600, 0
10427, 10600, 0
10428, 10600, 0
10429, 10600, 0
10430, 10600, 0
10431, 10600, 0
10432, 10600, 0
10433, 10600, 0
10434, 10600, 0
10435, 10600, 0
10436, 10600, 0
10437, 10600, 0
10438, 10600, 0
10439, 10600, 0
10440, 10600, 0
10441, 10600, 0
10442, 10600, 0
10443, 10600, 0
10444, 10600, 0
10445, 10600, 0
10446, 10600, 0
10447, 10600, 0
10448, 10600, 0
10449, 10600, 0
10450, 10600, 0
10451, 10600, 0
10452, 10600, 0
10453, 10600, 0
10454, 10600, 0
10455, 10600, 0
10456, 10600, 0
10457, 10600, 0
10458, 10600, 0
10459, 10600, 0
10460, 10600, 0
10461, 10600, 0
10462, 10600, 0
10463, 10600, 0
10464, 10600, 0
10465, 10600, 0
10466, 10600, 0
10467, 10600, 0
10468, 10600, 0
10469, 10600, 0
10470, 10600, 0
10471, 10600, 0
10472, 10600, 0
10473, 10600, 0
10474, 10600, 0
10475, 10600, 0
10476, 10600, 0
10477, 10600, 0
10478, 10600, 0
10479, 10600, 0
10480, 10600, 0
10481, 10600, 0
10482, 10600, 0
10483, 10600, 0
10484, 10600, 0
10485, 10600, 0
10486, 10600, 0
10487, 10600, 0
10488, 10600, 0
10489, 10600, 0
10490, 10600, 0
10491, 10600, 0
10492, 10600, 0
10493, 10600, 0
10494, 10600, 0
10495, 10600, 0
10496, 10600, 0
10497, 10600, 0
10498, 10600, 0
10499, 10600, 0
10500, 10600, 0
10501, 10600, 0
10502, 10600, 0
10503, 10600, 0
10504, 10600, 0
10505, 10600, 0
10506, 10600, 0
10507, 10600, 0
10508, 10600, 0
10509, 10600, 0
10510, 10600, 0
10511, 10600, 0
10512, 10600, 0
10513, 10600, 0
10514, 10600, 0
10515, 10600, 0
10516, 10600, 0
10517, 10600, 0
10518, 10600, 0
10519, 10600, 0
10520, 10600, 0
10521, 10600, 0
10522, 10600, 0
10523, 10600, 0
10524, 10600, 0
10525, 10600, 0
10526, 10600, 0
10527, 10600, 0
10528, 10600, 0
10529, 10600, 0
10530, 10600, 0
10531, 10600, 0
10532, 10600, 0
10533, 10600, 0
10534, 10600, 0
10535, 10600, 0
10536, 10600, 0
10537, 10600, 0
10538, 10600, 0
10539, 10600, 0
10540, 10600, 0
10541, 10600, 0
10542, 10600, 0
10543, 10600, 0
10544, 10600, 0
10545, 10600, 0
10546, 10600, 0
10547, 10600, 0
10548, 10600, 0
10549, 10600, 0
10550, 10600, 0
10551, 10600, 0
10552, 10600, 0
10553, 10600, 0
10554, 10600, 0
10555, 10600, 0
10556, 10600, 0
10557, 10600, 0
10558, 10600, 0
10559, 10600, 0
10560, 10600, 0
10561, 10600, 0
10562, 10600, 0
10563, 10600, 0
10564, 10600, 0
10565, 10600, 0
10566, 10600, 0
10567, 10600, 0
10568, 10600, 0
10569, 10600, 0
10570, 10600, 0
10571, 10600, 0
10572, 10600, 0
10573, 10600, 0
10574, 10600, 0
10575, 10600, 0
10576, 10600, 0
10577, 10600, 0
10578, 10600, 0
10579, 10600, 0
10580, 10600, 0
10581, 10600, 0
10582, 10600, 0
10583, 10600, 0
10584, 10600, 0
10585, 10600, 0
10586, 10600, 0
10587, 10600, 0
10588, 10600, 0
10589, 10600, 0
10590, 10600, 0
10591, 10600, 0
10592, 10600, 0
10593, 10600, 0
10594, 10600, 0
10595, 10600, 0
10596, 10600, 0
10597, 10600, 0
10598, 10600, 0
10599, 10600, 0
10600, 10600, 0
10601, 10600, 0
10602, 10600, 0
10603, 10600, 0
10604, 10600, 0
10605, 10600, 0
10606, 10600, 0
10607, 10600, 0
10608, 10600, 0
10609, 10600, 0
10610, 10600, 0
10611, 10600, 0
10612, 10600, 0
10613, 10600, 0
10614, 10600, 0
10615, 10600, 0
10616, 10600, 0
10617, 10600, 0
10618, 10600, 0
10619, 10600, 0
10620, 10600, 0
10621, 10600, 0
10622, 10600, 0
10623, 10600, 0
10624, 10600, 0
10625, 10600, 0
10626, 10600, 0
10627, 10600, 0
10628, 10600, 0
10629, 10600, 0
10630, 10600, 0
10631, 10600, 0
10632, 10600, 0
10633, 10600, 0
10634, 10600, 0
10635, 10600, 0
10636, 10600, 0
10637, 10600, 0
10638, 10600, 0
10639, 10600, 0
10640, 10600, 0
10641, 10600, 0
10642, 10600, 0
10643, 10600, 0
10644, 10600, 0
10645, 10600, 0
10646, 10600, 0
10647, 10600, 0
10648, 10600, 0
10649, 10600, 0
10650, 10600, 0
10651, 10600, 0
10652, 10600, 0
10653, 10600, 0
10654, 10600, 0
10655, 10600, 0
10656, 10600, 0
10657, 10600, 0
10658, 10600, 0
10659, 10600, 0
10660, 10600, 0
10661, 10600, 0
10662, 10600, 0
10663, 10600, 0
10664, 10600, 0
10665, 10600, 0
10666, 10600, 0
10667, 10600, 0
10668, 10600, 0
10669, 10600, 0
10670, 10600, 0
10671, 10600, 0
10672, 10600, 0
10673, 10600, 0
10674, 10600, 0
10675, 10600, 0
10676, 10600, 0
10677, 10600, 0
10678, 10600, 0
10679, 10600, 0
10680, 10600, 0
10681, 10600, 0
10682, 10600, 0
10683, 10600, 0
10684, 10600, 0
10685, 10600, 0
10686, 10600, 0
10687, 10600, 0
10688, 10600, 0
10689, 10600, 0
10690, 10600, 0
10691, 10600, 0
10692, 10600, 0
10693, 10600, 0
10694, 10600, 0
10695, 10600, 0
10696, 10600, 0
10697, 10600, 0
10698, 10600, 0
10699, 10600, 0
10700, 10600, 0
10701, 10600, 0
10702, 10600, 0
10703, 10600, 0
10704, 10600, 0
10705, 10600, 0
10706, 10600, 0
10707, 10600, 0
10708, 10600, 0
10709, 10600, 0
10710, 10600, 0
10711, 10600, 0
10712, 10600, 0
10713, 10600, 0
10714, 10600, 0
10715, 10600, 0
10716, 10600, 0
10717, 10600, 0
10718, 10600, 0
10719, 10600, 0
10720, 10600, 0
10721, 10600, 0
10722, 10600, 0
10723, 10600, 0
10724, 10600, 0
10725, 10600, 0
10726, 10600, 0
10727, 10600, 0
10728, 10600, 0
10729, 10600, 0
10730, 10600, 0
10731, 10600, 0
10732, 10600, 0
10733, 10600, 0
10734, 10600, 0
10735, 10600, 0
10736, 10600, 0
10737, 10600, 0
10738, 10600, 0
10739, 10600, 0
10740, 10600, 0
10741, 10600, 0
10742, 10600, 0
10743, 10600, 0
10744, 10600, 0
10745, 10600, 0
10746, 10600, 0
10747, 10600, 0
10748, 10600, 0
10749, 10600, 0
10750, 10600, 0
10751, 10600, 0
10752, 10600, 0
10753, 10600, 0
10754, 10600, 0
10755, 10600, 0
10756, 10600, 0
10757, 10600, 0
10758, 10600, 0
10759, 10600, 0
10760, 10600, 0
10761, 10600, 0
10762, 10600, 0
10763, 10600, 0
10764, 10600, 0
10765, 10600, 0
10766, 10600, 0
10767, 10600, 0
10768, 10600, 0
10769, 10600, 0
10770, 10600, 0
10771, 10600, 0
10772, 10600, 0
10773, 10600, 0
10774, 10600, 0
10775, 10600, 0
10776, 10600, 0
10777, 10600, 0
10778, 10600, 0
10779, 10600, 0
10780, 10600, 0
10781, 10600, 0
10782, 10600, 0
10783, 10600, 0
10784, 10600, 0
10785, 10600, 0
10786, 10600, 0
10787, 10600, 0
10788, 10600, 0
10789, 10600, 0
10790, 10600, 0
10791, 10600, 0
10792, 10600, 0
10793, 10600, 0
10794, 10600, 0
10795, 10600, 0
10796, 10600, 0
10797, 10600, 0
10798, 10600, 0
10799, 10600, 0
10800, 10600, 0
10801, 10600, 0
10802, 10600, 0
10803, 10600, 0
10804, 10600, 0
10805, 10600, 0
10806, 10600, 0
10807, 10600, 0
10808, 10600, 0
10809, 10600, 0
10810, 10600, 0
10811, 10600, 0
10812, 10600, 0
10813, 10600, 0
10814, 10600, 0
10815, 10600, 0
10816, 10600, 0
10817, 10600, 0
10818, 10600, 0
10819, 10600, 0
10820, 10600, 0
10821, 10600, 0
10822, 10600, 0
10823, 10600, 0
10824, 10600, 0
10825, 10600, 0
10826, 10600, 0
10827, 10600, 0
10828, 10600, 0
10829, 10600, 0
10830, 10600, 0
10831, 10600, 0
10832, 10600, 0
10833, 10600, 0
10834, 10600, 0
10835, 10600, 0
10836, 10600, 0
10837, 10600, 0
10838, 10600, 0
10839, 10600, 0
10840, 10600, 0
10841, 10600, 0
10842, 10600, 0
10843, 10600, 0
10844, 10600, 0
10845, 10600, 0
10846, 10600, 0
10847, 10600, 0
10848, 10600, 0
10849, 10600, 0
10850, 10600, 0
10851, 10600, 0
10852, 10600, 0
10853, 10600, 0
10854, 10600, 0
10855, 10600, 0
10856, 10600, 0
10857, 10600, 0
10858, 10600, 0
10859, 10600, 0
10860, 10600, 0
10861, 10600, 0
10862, 10600, 0
10863, 10600, 0
10864, 10600, 0
10865, 10600, 0
10866, 10600, 0
10867, 10600, 0
10868, 10600, 0
10869, 10600, 0
10870, 10600, 0
10871, 10600, 0
10872, 10600, 0
10873, 10600, 0
10874, 10600, 0
10875, 10600, 0
10876, 10600, 0
10877, 10600, 0
10878, 10600, 0
10879, 10600, 0
10880, 10600, 0
10881, 10600, 0
10882, 10600, 0
10883, 10600, 0
10884, 10600, 0
10885, 10600, 0
10886, 10600, 0
10887, 10600, 0
10888, 10600, 0
10889, 10600, 0
10890, 10600, 0
10891, 10600, 0
10892, 10600, 0
10893, 10600, 0
10894, 10600, 0
10895, 10600, 0
10896, 10600, 0
10897, 10600, 0
10898, 10600, 0
10899, 10600, 0
10900, 10600, 0
10901, 10600, 0
10902, 10600, 0
10903, 10600, 0
10904, 10600, 0
10905, 10600, 0
10906, 10600, 0
10907, 10600, 0
10908, 10600, 0
10909, 10600, 0
10910, 10600, 0
10911, 10600, 0
10912, 10600, 0
10913, 10600, 0
10914, 10600, 0
10915, 10600, 0
10916, 10600, 0
10917, 10600, 0
10918, 10600, 0
10919, 10600, 0
10920, 10600, 0
10921, 10600, 0
10922, 10600, 0
10923, 10600, 0
10924, 10600, 0
10925, 10600, 0
10926, 10600, 0
10927, 10600, 0
10928, 10600, 0
10929, 10600, 0
10930, 10600, 0
10931, 10600, 0
10932, 10600, 0
10933, 10600, 0
10934, 10600, 0
10935, 10600, 0
10936, 10600, 0
10937, 10600, 0
10938, 10600, 0
10939, 10600, 0
10940, 10600, 0
10941, 10600, 0
10942, 10600, 0
10943, 10600, 0
10944, 10600, 0
10945, 10600, 0
10946, 10600, 0
10947, 10600, 0
10948, 10600, 0
10949, 10600, 0
10950, 10600, 0
10951, 10600, 0
10952, 10600, 0
10953, 10600, 0
10954, 10600, 0
10955, 10600, 0
10956, 10600, 0
10957, 10600, 0
10958, 10600, 0
10959, 10600, 0
10960, 10600, 0
10961, 10600, 0
10962, 10600, 0
10963, 10600, 0
10964, 10600, 0
10965, 10600, 0
10966, 10600, 0
10967, 10600, 0
10968, 10600, 0
10969, 10600, 0
10970, 10600, 0
10971, 10600, 0
10972, 10600, 0
10973, 10600, 0
10974, 10600, 0
10975, 10600, 0
10976, 10600, 0
10977, 10600, 0
10978, 10600, 0
10979, 10600, 0
10980, 10600, 0
10981, 10600, 0
10982, 10600, 0
10983, 10600, 0
10984, 10600, 0
10985, 10600, 0
10986, 10600, 0
10987, 10600, 0
10988, 10600, 0
10989, 10600, 0
10990, 10600, 0
10991, 10600, 0
10992, 10600, 0
10993, 10600, 0
10994, 10600, 0
10995, 10600, 0
10996, 10600, 0
10997, 10600, 0
10998, 10600, 0
10999, 10600, 0
11000, 10600, 0
10000, 11100, 0
10001, 11100, 0
10002, 11100, 0
10003, 11100, 0
10004, 11100, 0
10005, 11100, 0
10006, 11100, 0
10007, 11100, 0
10008, 11100, 0
10009, 11100, 0
10010, 11100, 0
10011, 11100, 0
10012, 11100, 0
10013, 11100, 0
10014, 11100, 0
10015, 11100, 0
10016, 11100, 0
10017, 11100, 0
10018, 11100, 0
10019, 11100, 0
10020, 11100, 0
10021, 11100, 0
10022, 11100, 0
10023, 11100, 0
10024, 11100, 0
10025, 11100, 0
10026, 11100, 0
10027, 11100, 0
10028, 11100, 0
10029, 11100, 0
10030, 11100, 0
10031, 11100, 0
10032, 11100, 0
10033, 11100, 0
10034, 11100, 0
10035, 11100, 0
10036, 11100, 0
10037, 11100, 0
10038, 11100, 0
10039, 11100, 0
10040, 11100, 0
10041, 11100, 0
10042, 11100, 0
10043, 11100, 0
10044, 11100, 0
10045, 11100, 0
10046, 11100, 0
10047, 11100, 0
10048, 11100, 0
10049, 11100, 0
10050, 11100, 0
10051, 11100, 0
10052, 11100, 0
10053, 11100, 0
10054, 11100, 0
10055, 11100, 0
10056, 11100, 0
10057, 11100, 0
10058, 11100, 0
10059, 11100, 0
10060, 11100, 0
10061, 11100, 0
10062, 11100, 0
10063, 11100, 0
10064, 11100, 0
10065, 11100, 0
10066, 11100, 0
10067, 11100, 0
10068, 11100, 0
10069, 11100, 0
10070, 11100, 0
10071, 11100, 0
10072, 11100, 0
10073, 11100, 0
10074, 11100, 0
10075, 11100, 0
10076, 11100, 0
10077, 11100, 0
10078, 11100, 0
10079, 11100, 0
10080, 11100, 0
10081, 11100, 0
10082, 11100, 0
10083, 11100, 0
10084, 11100, 0
10085, 11100, 0
10086, 11100, 0
10087, 11100, 0
10088, 11100, 0
10089, 11100, 0
10090, 11100, 0
10091, 11100, 0
10092, 11100, 0
10093, 11100, 0
10094, 11100, 0
10095, 11100, 0
10096, 11100, 0
10097, 11100, 0
10098, 11100, 0
10099, 11100, 0
10100, 11100, 0
10101, 11100, 0
10102, 11100, 0
10103, 11100, 0
10104, 11100, 0
10105, 11100, 0
10106, 11100, 0
10107, 11100, 0
10108, 11100, 0
10109, 11100, 0
10110, 11100, 0
10111, 11100, 0
10112, 11100, 0
10113, 11100, 0
10114, 11100, 0
10115, 11100, 0
10116, 11100, 0
10117, 11100, 0
10118, 11100, 0
10119, 11100, 0
10120, 11100, 0
10121, 11100, 0
10122, 11100, 0
10123, 11100, 0
10124, 11100, 0
10125, 11100, 0
10126, 11100, 0
10127, 11100, 0
10128, 11100, 0
10129, 11100, 0
10130, 11100, 0
10131, 11100, 0
10132, 11100, 0
10133, 11100, 0
10134, 11100, 0
10135, 11100, 0
10136, 11100, 0
10137, 11100, 0
10138, 11100, 0
10139, 11100, 0
10140, 11100, 0
10141, 11100, 0
10142, 11100, 0
10143, 11100, 0
10144, 11100, 0
10145, 11100, 0
10146, 11100, 0
10147, 11100, 0
10148, 11100, 0
10149, 11100, 0
10150, 11100, 0
10151, 11100, 0
10152, 11100, 0
10153, 11100, 0
10154, 11100, 0
10155, 11100, 0
10156, 11100, 0
10157, 11100, 0
10158, 11100, 0
10159, 11100, 0
10160, 11100, 0
10161, 11100, 0
10162, 11100, 0
10163, 11100, 0
10164, 11100, 0
10165, 11100, 0
10166, 11100, 0
10167, 11100, 0
10168, 11100, 0
10169, 11100, 0
10170, 11100, 0
10171, 11100, 0
10172, 11100, 0
10173, 11100, 0
10174, 11100, 0
10175, 11100, 0
10176, 11100, 0
10177, 11100, 0
10178, 11100, 0
10179, 11100, 0
10180, 11100, 0
10181, 11100, 0
10182, 11100, 0
10183, 11100, 0
10184, 11100, 0
10185, 11100, 0
10186, 11100, 0
10187, 11100, 0
10188, 11100, 0
10189, 11100, 0
10190, 11100, 0
10191, 11100, 0
10192, 11100, 0
10193, 11100, 0
10194, 11100, 0
10195, 11100, 0
10196, 11100, 0
10197, 11100, 0
10198, 11100, 0
10199, 11100, 0
10200, 11100, 0
10201, 11100, 0
10202, 11100, 0
10203, 11100, 0
10204, 11100, 0
10205, 11100, 0
10206, 11100, 0
10207, 11100, 0
10208, 11100, 0
10209, 11100, 0
10210, 11100, 0
10211, 11100, 0
10212, 11100, 0
10213, 11100, 0
10214, 11100, 0
10215, 11100, 0
10216, 11100, 0
10217, 11100, 0
10218, 11100, 0
10219, 11100, 0
10220, 11100, 0
10221, 11100, 0
10222, 11100, 0
10223, 11100, 0
10224, 11100, 0
10225, 11100, 0
10226, 11100, 0
10227, 11100, 0
10228, 11100, 0
10229, 11100, 0
10230, 11100, 0
10231, 11100, 0
10232, 11100, 0
10233, 11100, 0
10234, 11100, 0
10235, 11100, 0
10236, 11100, 0
10237, 11100, 0
10238, 11100, 0
10239, 11100, 0
10240, 11100, 0
10241, 11100, 0
10242, 11100, 0
10243, 11100, 0
10244, 11100, 0
10245, 11100, 0
10246, 11100, 0
10247, 11100, 0
10248, 11100, 0
10249, 11100, 0
10250, 11100, 0
10251, 11100, 0
10252, 11100, 0
10253, 11100, 0
10254, 11100, 0
10255, 11100, 0
10256, 11100, 0
10257, 11100, 0
10258, 11100, 0
10259, 11100, 0
10260, 11100, 0
10261, 11100, 0
10262, 11100, 0
10263, 11100, 0
10264, 11100, 0
10265, 11100, 0
10266, 11100, 0
10267, 11100, 0
10268, 11100, 0
10269, 11100, 0
10270, 11100, 0
10271, 11100, 0
10272, 11100, 0
10273, 11100, 0
10274, 11100, 0
10275, 11100, 0
10276, 11100, 0
10277, 11100, 0
10278, 11100, 0
10279, 11100, 0
10280, 11100, 0
10281, 11100, 0
10282, 11100, 0
10283, 11100, 0
10284, 11100, 0
10285, 11100, 0
10286, 11100, 0
10287, 11100, 0
10288, 11100, 0
10289, 11100, 0
10290, 11100, 0
10291, 11100, 0
10292, 11100, 0
10293, 11100, 0
10294, 11100, 0
10295, 11100, 0
10296, 11100, 0
10297, 11100, 0
10298, 11100, 0
10299, 11100, 0
10300, 11100, 0
10301, 11100, 0
10302, 11100, 0
10303, 11100, 0
10304, 11100, 0
10305, 11100, 0
10306, 11100, 0
10307, 11100, 0
10308, 11100, 0
10309, 11100, 0
10310, 11100, 0
10311, 11100, 0
10312, 11100, 0
10313, 11100, 0
10314, 11100, 0
10315, 11100, 0
10316, 11100, 0
10317, 11100, 0
10318, 11100, 0
10319, 11100, 0
10320, 11100, 0
10321, 11100, 0
10322, 11100, 0
10323, 11100, 0
10324, 11100, 0
10325, 11100, 0
10326, 11100, 0
10327, 11100, 0
10328, 11100, 0
10329, 11100, 0
10330, 11100, 0
10331, 11100, 0
10332, 11100, 0
10333, 11100, 0
10334, 11100, 0
10335, 11100, 0
10336, 11100, 0
10337, 11100, 0
10338, 11100, 0
10339, 11100, 0
10340, 11100, 0
10341, 11100, 0
10342, 11100, 0
10343, 11100, 0
10344, 11100, 0
10345, 11100, 0
10346, 11100, 0
10347, 11100, 0
10348, 11100, 0
10349, 11100, 0
10350, 11100, 0
10351, 11100, 0
10352, 11100, 0
10353, 11100, 0
10354, 11100, 0
10355, 11100, 0
10356, 11100, 0
10357, 11100, 0
10358, 11100, 0
10359, 11100, 0
10360, 11100, 0
10361, 11100, 0
10362, 11100, 0
10363, 11100, 0
10364, 11100, 0
10365, 11100, 0
10366, 11100, 0
10367, 11100, 0
10368, 11100, 0
10369, 11100, 0
10370, 11100, 0
10371, 11100, 0
10372, 11100, 0
10373, 11100, 0
10374, 11100, 0
10375, 11100, 0
10376, 11100, 0
10377, 11100, 0
10378, 11100, 0
10379, 11100, 0
10380, 11100, 0
10381, 11100, 0
10382, 11100, 0
10383, 11100, 0
10384, 11100, 0
10385, 11100, 0
10386, 11100, 0
10387, 11100, 0
10388, 11100, 0
10389, 11100, 0
10390, 11100, 0
10391, 11100, 0
10392, 11100, 0
10393, 11100, 0
10394, 11100, 0
10395, 11100, 0
10396, 11100, 0
10397, 11100, 0
10398, 11100, 0
10399, 11100, 0
10400, 11100, 0
10401, 11100, 0
10402, 11100, 0
10403, 11100, 0
10404, 11100, 0
10405, 11100, 0
10406, 11100, 0
10407, 11100, 0
10408, 11100, 0
10409, 11100, 0
10410, 11100, 0
10411, 11100, 0
10412, 11100, 0
10413, 11100, 0
10414, 11100, 0
10415, 11100, 0
10416, 11100, 0
10417, 11100, 0
10418, 11100, 0
10419, 11100, 0
10420, 11100, 0
10421, 11100, 0
10422, 11100, 0
10423, 11100, 0
10424, 11100, 0
10425, 11100, 0
10426, 11100, 0
10427, 11100, 0
10428, 11100, 0
10429, 11100, 0
10430, 11100, 0
10431, 11100, 0
10432, 11100, 0
10433, 11100, 0
10434, 11100, 0
10435, 11100, 0
10436, 11100, 0
10437, 11100, 0
10438, 11100, 0
10439, 11100, 0
10440, 11100, 0
10441, 11100, 0
10442, 11100, 0
10443, 11100, 0
10444, 11100, 0
10445, 11100, 0
10446, 11100, 0
10447, 11100, 0
10448, 11100, 0
10449, 11100, 0
10450, 11100, 0
10451, 11100, 0
10452, 11100, 0
10453, 11100, 0
10454, 11100, 0
10455, 11100, 0
10456, 11100, 0
10457, 11100, 0
10458, 11100, 0
10459, 11100, 0
10460, 11100, 0
10461, 11100, 0
10462, 11100, 0
10463, 11100, 0
10464, 11100, 0
10465, 11100, 0
10466, 11100, 0
10467, 11100, 0
10468, 11100, 0
10469, 11100, 0
10470, 11100, 0
10471, 11100, 0
10472, 11100, 0
10473, 11100, 0
10474, 11100, 0
10475, 11100, 0
10476, 11100, 0
10477, 11100, 0
10478, 11100, 0
10479, 11100, 0
10480, 11100, 0
10481, 11100, 0
10482, 11100, 0
10483, 11100, 0
10484, 11100, 0
10485, 11100, 0
10486, 11100, 0
10487, 11100, 0
10488, 11100, 0
10489, 11100, 0
10490, 11100, 0
10491, 11100, 0
10492, 11100, 0
10493, 11100, 0
10494, 11100, 0
10495, 11100, 0
10496, 11100, 0
10497, 11100, 0
10498, 11100, 0
10499, 11100, 0
10500, 11100, 0
10501, 11100, 0
10502, 11100, 0
10503, 11100, 0
10504, 11100, 0
10505, 11100, 0
10506, 11100, 0
10507, 11100, 0
10508, 11100, 0
10509, 11100, 0
10510, 11100, 0
10511, 11100, 0
10512, 11100, 0
10513, 11100, 0
10514, 11100, 0
10515, 11100, 0
10516, 11100, 0
10517, 11100, 0
10518, 11100, 0
10519, 11100, 0
10520, 11100, 0
10521, 11100, 0
10522, 11100, 0
10523, 11100, 0
10524, 11100, 0
10525, 11100, 0
10526, 11100, 0
10527, 11100, 0
10528, 11100, 0
10529, 11100, 0
10530, 11100, 0
10531, 11100, 0
10532, 11100, 0
10533, 11100, 0
10534, 11100, 0
10535, 11100, 0
10536, 11100, 0
10537, 11100, 0
10538, 11100, 0
10539, 11100, 0
10540, 11100, 0
10541, 11100, 0
10542, 11100, 0
10543, 11100, 0
10544, 11100, 0
10545, 11100, 0
10546, 11100, 0
10547, 11100, 0
10548, 11100, 0
10549, 11100, 0
10550, 11100, 0
10551, 11100, 0
10552, 11100, 0
10553, 11100, 0
10554, 11100, 0
10555, 11100, 0
10556, 11100, 0
10557, 11100, 0
10558, 11100, 0
10559, 11100, 0
10560, 11100, 0
10561, 11100, 0
10562, 11100, 0
10563, 11100, 0
10564, 11100, 0
10565, 11100, 0
10566, 11100, 0
10567, 11100, 0
10568, 11100, 0
10569, 11100, 0
10570, 11100, 0
10571, 11100, 0
10572, 11100, 0
10573, 11100, 0
10574, 11100, 0
10575, 11100, 0
10576, 11100, 0
10577, 11100, 0
10578, 11100, 0
10579, 11100, 0
10580, 11100, 0
10581, 11100, 0
10582, 11100, 0
10583, 11100, 0
10584, 11100, 0
10585, 11100, 0
10586, 11100, 0
10587, 11100, 0
10588, 11100, 0
10589, 11100, 0
10590, 11100, 0
10591, 11100, 0
10592, 11100, 0
10593, 11100, 0
10594, 11100, 0
10595, 11100, 0
10596, 11100, 0
10597, 11100, 0
10598, 11100, 0
10599, 11100, 0
10600, 11100, 0
10601, 11100, 0
10602, 11100, 0
10603, 11100, 0
10604, 11100, 0
10605, 11100, 0
10606, 11100, 0
10607, 11100, 0
10608, 11100, 0
10609, 11100, 0
10610, 11100, 0
10611, 11100, 0
10612, 11100, 0
10613, 11100, 0
10614, 11100, 0
10615, 11100, 0
10616, 11100, 0
10617, 11100, 0
10618, 11100, 0
10619, 11100, 0
10620, 11100, 0
10621, 11100, 0
10622, 11100, 0
10623, 11100, 0
10624, 11100, 0
10625, 11100, 0
10626, 11100, 0
10627, 11100, 0
10628, 11100, 0
10629, 11100, 0
10630, 11100, 0
10631, 11100, 0
10632, 11100, 0
10633, 11100, 0
10634, 11100, 0
10635, 11100, 0
10636, 11100, 0
10637, 11100, 0
10638, 11100, 0
10639, 11100, 0
10640, 11100, 0
10641, 11100, 0
10642, 11100, 0
10643, 11100, 0
10644, 11100, 0
10645, 11100, 0
10646, 11100, 0
10647, 11100, 0
10648, 11100, 0
10649, 11100, 0
10650, 11100, 0
10651, 11100, 0
10652, 11100, 0
10653, 11100, 0
10654, 11100, 0
10655, 11100, 0
10656, 11100, 0
10657, 11100, 0
10658, 11100, 0
10659, 11100, 0
10660, 11100, 0
10661, 11100, 0
10662, 11100, 0
10663, 11100, 0
10664, 11100, 0
10665, 11100, 0
10666, 11100, 0
10667, 11100, 0
10668, 11100, 0
10669, 11100, 0
10670, 11100, 0
10671, 11100, 0
10672, 11100, 0
10673, 11100, 0
10674, 11100, 0
10675, 11100, 0
10676, 11100, 0
10677, 11100, 0
10678, 11100, 0
10679, 11100, 0
10680, 11100, 0
10681, 11100, 0
10682, 11100, 0
10683, 11100, 0
10684, 11100, 0
10685, 11100, 0
10686, 11100, 0
10687, 11100, 0
10688, 11100, 0
10689, 11100, 0
10690, 11100, 0
10691, 11100, 0
10692, 11100, 0
10693, 11100, 0
10694, 11100, 0
10695, 11100, 0
10696, 11100, 0
10697, 11100, 0
10698, 11100, 0
10699, 11100, 0
10700, 11100, 0
10701, 11100, 0
10702, 11100, 0
10703, 11100, 0
10704, 11100, 0
10705, 11100, 0
10706, 11100, 0
10707, 11100, 0
10708, 11100, 0
10709, 11100, 0
10710, 11100, 0
10711, 11100, 0
10712, 11100, 0
10713, 11100, 0
10714, 11100, 0
10715, 11100, 0
10716, 11100, 0
10717, 11100, 0
10718, 11100, 0
10719, 11100, 0
10720, 11100, 0
10721, 11100, 0
10722, 11100, 0
10723, 11100, 0
10724, 11100, 0
10725, 11100, 0
10726, 11100, 0
10727, 11100, 0
10728, 11100, 0
10729, 11100, 0
10730, 11100, 0
10731, 11100, 0
10732, 11100, 0
10733, 11100, 0
10734, 11100, 0
10735, 11100, 0
10736, 11100, 0
10737, 11100, 0
10738, 11100, 0
10739, 11100, 0
10740, 11100, 0
10741, 11100, 0
10742, 11100, 0
10743, 11100, 0
10744, 11100, 0
10745, 11100, 0
10746, 11100, 0
10747, 11100, 0
10748, 11100, 0
10749, 11100, 0
10750, 11100, 0
10751, 11100, 0
10752, 11100, 0
10753, 11100, 0
10754, 11100, 0
10755, 11100, 0
10756, 11100, 0
10757, 11100, 0
10758, 11100, 0
10759, 11100, 0
10760, 11100, 0
10761, 11100, 0
10762, 11100, 0
10763, 11100, 0
10764, 11100, 0
10765, 11100, 0
10766, 11100, 0
10767, 11100, 0
10768, 11100, 0
10769, 11100, 0
10770, 11100, 0
10771, 11100, 0
10772, 11100, 0
10773, 11100, 0
10774, 11100, 0
10775, 11100, 0
10776, 11100, 0
10777, 11100, 0
10778, 11100, 0
10779, 11100, 0
10780, 11100, 0
10781, 11100, 0
10782, 11100, 0
10783, 11100, 0
10784, 11100, 0
10785, 11100, 0
10786, 11100, 0
10787, 11100, 0
10788, 11100, 0
10789, 11100, 0
10790, 11100, 0
10791, 11100, 0
10792, 11100, 0
10793, 11100, 0
10794, 11100, 0
10795, 11100, 0
10796, 11100, 0
10797, 11100, 0
10798, 11100, 0
10799, 11100, 0
10800, 11100, 0
10801, 11100, 0
10802, 11100, 0
10803, 11100, 0
10804, 11100, 0
10805, 11100, 0
10806, 11100, 0
10807, 11100, 0
10808, 11100, 0
10809, 11100, 0
10810, 11100, 0
10811, 11100, 0
10812, 11100, 0
10813, 11100, 0
10814, 11100, 0
10815, 11100, 0
10816, 11100, 0
10817, 11100, 0
10818, 11100, 0
10819, 11100, 0
10820, 11100, 0
10821, 11100, 0
10822, 11100, 0
10823, 11100, 0
10824, 11100, 0
10825, 11100, 0
10826, 11100, 0
10827, 11100, 0
10828, 11100, 0
10829, 11100, 0
10830, 11100, 0
10831, 11100, 0
10832, 11100, 0
10833, 11100, 0
10834, 11100, 0
10835, 11100, 0
10836, 11100, 0
10837, 11100, 0
10838, 11100, 0
10839, 11100, 0
10840, 11100, 0
10841, 11100, 0
10842, 11100, 0
10843, 11100, 0
10844, 11100, 0
10845, 11100, 0
10846, 11100, 0
10847, 11100, 0
10848, 11100, 0
10849, 11100, 0
10850, 11100, 0
10851, 11100, 0
10852, 11100, 0
10853, 11100, 0
10854, 11100, 0
10855, 11100, 0
10856, 11100, 0
10857, 11100, 0
10858, 11100, 0
10859, 11100, 0
10860, 11100, 0
10861, 11100, 0
10862, 11100, 0
10863, 11100, 0
10864, 11100, 0
10865, 11100, 0
10866, 11100, 0
10867, 11100, 0
10868, 11100, 0
10869, 11100, 0
10870, 11100, 0
10871, 11100, 0
10872, 11100, 0
10873, 11100, 0
10874, 11100, 0
10875, 11100, 0
10876, 11100, 0
10877, 11100, 0
10878, 11100, 0
10879, 11100, 0
10880, 11100, 0
10881, 11100, 0
10882, 11100, 0
10883, 11100, 0
10884, 11100, 0
10885, 11100, 0
10886, 11100, 0
10887, 11100, 0
10888, 11100, 0
10889, 11100, 0
10890, 11100, 0
10891, 11100, 0
10892, 11100, 0
10893, 11100, 0
10894, 11100, 0
10895, 11100, 0
10896, 11100, 0
10897, 11100, 0
10898, 11100, 0
10899, 11100, 0
10900, 11100, 0
10901, 11100, 0
10902, 11100, 0
10903, 11100, 0
10904, 11100, 0
10905, 11100, 0
10906, 11100, 0
10907, 11100, 0
10908, 11100, 0
10909, 11100, 0
10910, 11100, 0
10911, 11100, 0
10912, 11100, 0
10913, 11100, 0
10914, 11100, 0
10915, 11100, 0
10916, 11100, 0
10917, 11100, 0
10918, 11100, 0
10919, 11100, 0
10920, 11100, 0
10921, 11100, 0
10922, 11100, 0
10923, 11100, 0
10924, 11100, 0
10925, 11100, 0
10926, 11100, 0
10927, 11100, 0
10928, 11100, 0
10929, 11100, 0
10930, 11100, 0
10931, 11100, 0
10932, 11100, 0
10933, 11100, 0
10934, 11100, 0
10935, 11100, 0
10936, 11100, 0
10937, 11100, 0
10938, 11100, 0
10939, 11100, 0
10940, 11100, 0
10941, 11100, 0
10942, 11100, 0
10943, 11100, 0
10944, 11100, 0
10945, 11100, 0
10946, 11100, 0
10947, 11100, 0
10948, 11100, 0
10949, 11100, 0
10950, 11100, 0
10951, 11100, 0
10952, 11100, 0
10953, 11100, 0
10954, 11100, 0
10955, 11100, 0
10956, 11100, 0
10957, 11100, 0
10958, 11100, 0
10959, 11100, 0
10960, 11100, 0
10961, 11100, 0
10962, 11100, 0
10963, 11100, 0
10964, 11100, 0
10965, 11100, 0
10966, 11100, 0
10967, 11100, 0
10968, 11100, 0
10969, 11100, 0
10970, 11100, 0
10971, 11100, 0
10972, 11100, 0
10973, 11100, 0
10974, 11100, 0
10975, 11100, 0
10976, 11100, 0
10977, 11100, 0
10978, 11100, 0
10979, 11100, 0
10980, 11100, 0
10981, 11100, 0
10982, 11100, 0
10983, 11100, 0
10984, 11100, 0
10985, 11100, 0
10986, 11100, 0
10987, 11100, 0
10988, 11100, 0
10989, 11100, 0
10990, 11100, 0
10991, 11100, 0
10992, 11100, 0
10993, 11100, 0
10994, 11100, 0
10995, 11100, 0
10996, 11100, 0
10997, 11100, 0
10998, 11100, 0
10999, 11100, 0
11000, 11100, 0
10000, 11700, 0
10001, 11700, 0
10002, 11700, 0
10003, 11700, 0
10004, 11700, 0
10005, 11700, 0
10006, 11700, 0
10007, 11700, 0
10008, 11700, 0
10009, 11700, 0
10010, 11700, 0
10011, 11700, 0
10012, 11700, 0
10013, 11700, 0
10014, 11700, 0
10015, 11700, 0
10016, 11700, 0
10017, 11700, 0
10018, 11700, 0
10019, 11700, 0
10020, 11700, 0
10021, 11700, 0
10022, 11700, 0
10023, 11700, 0
10024, 11700, 0
10025, 11700, 0
10026, 11700, 0
10027, 11700, 0
10028, 11700, 0
10029, 11700, 0
10030, 11700, 0
10031, 11700, 0
10032, 11700, 0
10033, 11700, 0
10034, 11700, 0
10035, 11700, 0
10036, 11700, 0
10037, 11700, 0
10038, 11700, 0
10039, 11700, 0
10040, 11700, 0
10041, 11700, 0
10042, 11700, 0
10043, 11700, 0
10044, 11700, 0
10045, 11700, 0
10046, 11700, 0
10047, 11700, 0
10048, 11700, 0
10049, 11700, 0
10050, 11700, 0
10051, 11700, 0
10052, 11700, 0
10053, 11700, 0
10054, 11700, 0
10055, 11700, 0
10056, 11700, 0
10057, 11700, 0
10058, 11700, 0
10059, 11700, 0
10060, 11700, 0
10061, 11700, 0
10062, 11700, 0
10063, 11700, 0
10064, 11700, 0
10065, 11700, 0
10066, 11700, 0
10067, 11700, 0
10068, 11700, 0
10069, 11700, 0
10070, 11700, 0
10071, 11700, 0
10072, 11700, 0
10073, 11700, 0
10074, 11700, 0
10075, 11700, 0
10076, 11700, 0
10077, 11700, 0
10078, 11700, 0
10079, 11700, 0
10080, 11700, 0
10081, 11700, 0
10082, 11700, 0
10083, 11700, 0
10084, 11700, 0
10085, 11700, 0
10086, 11700, 0
10087, 11700, 0
10088, 11700, 0
10089, 11700, 0
10090, 11700, 0
10091, 11700, 0
10092, 11700, 0
10093, 11700, 0
10094, 11700, 0
10095, 11700, 0
10096, 11700, 0
10097, 11700, 0
10098, 11700, 0
10099, 11700, 0
10100, 11700, 0
10101, 11700, 0
10102, 11700, 0
10103, 11700, 0
10104, 11700, 0
10105, 11700, 0
10106, 11700, 0
10107, 11700, 0
10108, 11700, 0
10109, 11700, 0
10110, 11700, 0
10111, 11700, 0
10112, 11700, 0
10113, 11700, 0
10114, 11700, 0
10115, 11700, 0
10116, 11700, 0
10117, 11700, 0
10118, 11700, 0
10119, 11700, 0
10120, 11700, 0
10121, 11700, 0
10122, 11700, 0
10123, 11700, 0
10124, 11700, 0
10125, 11700, 0
10126, 11700, 0
10127, 11700, 0
10128, 11700, 0
10129, 11700, 0
10130, 11700, 0
10131, 11700, 0
10132, 11700, 0
10133, 11700, 0
10134, 11700, 0
10135, 11700, 0
10136, 11700, 0
10137, 11700, 0
10138, 11700, 0
10139, 11700, 0
10140, 11700, 0
10141, 11700, 0
10142, 11700, 0
10143, 11700, 0
10144, 11700, 0
10145, 11700, 0
10146, 11700, 0
10147, 11700, 0
10148, 11700, 0
10149, 11700, 0
10150, 11700, 0
10151, 11700, 0
10152, 11700, 0
10153, 11700, 0
10154, 11700, 0
10155, 11700, 0
10156, 11700, 0
10157, 11700, 0
10158, 11700, 0
10159, 11700, 0
10160, 11700, 0
10161, 11700, 0
10162, 11700, 0
10163, 11700, 0
10164, 11700, 0
10165, 11700, 0
10166, 11700, 0
10167, 11700, 0
10168, 11700, 0
10169, 11700, 0
10170, 11700, 0
10171, 11700, 0
10172, 11700, 0
10173, 11700, 0
10174, 11700, 0
10175, 11700, 0
10176, 11700, 0
10177, 11700, 0
10178, 11700, 0
10179, 11700, 0
10180, 11700, 0
10181, 11700, 0
10182, 11700, 0
10183, 11700, 0
10184, 11700, 0
10185, 11700, 0
10186, 11700, 0
10187, 11700, 0
10188, 11700, 0
10189, 11700, 0
10190, 11700, 0
10191, 11700, 0
10192, 11700, 0
10193, 11700, 0
10194, 11700, 0
10195, 11700, 0
10196, 11700, 0
10197, 11700, 0
10198, 11700, 0
10199, 11700, 0
10200, 11700, 0
10201, 11700, 0
10202, 11700, 0
10203, 11700, 0
10204, 11700, 0
10205, 11700, 0
10206, 11700, 0
10207, 11700, 0
10208, 11700, 0
10209, 11700, 0
10210, 11700, 0
10211, 11700, 0
10212, 11700, 0
10213, 11700, 0
10214, 11700, 0
10215, 11700, 0
10216, 11700, 0
10217, 11700, 0
10218, 11700, 0
10219, 11700, 0
10220, 11700, 0
10221, 11700, 0
10222, 11700, 0
10223, 11700, 0
10224, 11700, 0
10225, 11700, 0
10226, 11700, 0
10227, 11700, 0
10228, 11700, 0
10229, 11700, 0
10230, 11700, 0
10231, 11700, 0
10232, 11700, 0
10233, 11700, 0
10234, 11700, 0
10235, 11700, 0
10236, 11700, 0
10237, 11700, 0
10238, 11700, 0
10239, 11700, 0
10240, 11700, 0
10241, 11700, 0
10242, 11700, 0
10243, 11700, 0
10244, 11700, 0
10245, 11700, 0
10246, 11700, 0
10247, 11700, 0
10248, 11700, 0
10249, 11700, 0
10250, 11700, 0
10251, 11700, 0
10252, 11700, 0
10253, 11700, 0
10254, 11700, 0
10255, 11700, 0
10256, 11700, 0
10257, 11700, 0
10258, 11700, 0
10259, 11700, 0
10260, 11700, 0
10261, 11700, 0
10262, 11700, 0
10263, 11700, 0
10264, 11700, 0
10265, 11700, 0
10266, 11700, 0
10267, 11700, 0
10268, 11700, 0
10269, 11700, 0
10270, 11700, 0
10271, 11700, 0
10272, 11700, 0
10273, 11700, 0
10274, 11700, 0
10275, 11700, 0
10276, 11700, 0
10277, 11700, 0
10278, 11700, 0
10279, 11700, 0
10280, 11700, 0
10281, 11700, 0
10282, 11700, 0
10283, 11700, 0
10284, 11700, 0
10285, 11700, 0
10286, 11700, 0
10287, 11700, 0
10288, 11700, 0
10289, 11700, 0
10290, 11700, 0
10291, 11700, 0
10292, 11700, 0
10293, 11700, 0
10294, 11700, 0
10295, 11700, 0
10296, 11700, 0
10297, 11700, 0
10298, 11700, 0
10299, 11700, 0
10300, 11700, 0
10301, 11700, 0
10302, 11700, 0
10303, 11700, 0
10304, 11700, 0
10305, 11700, 0
10306, 11700, 0
10307, 11700, 0
10308, 11700, 0
10309, 11700, 0
10310, 11700, 0
10311, 11700, 0
10312, 11700, 0
10313, 11700, 0
10314, 11700, 0
10315, 11700, 0
10316, 11700, 0
10317, 11700, 0
10318, 11700, 0
10319, 11700, 0
10320, 11700, 0
10321, 11700, 0
10322, 11700, 0
10323, 11700, 0
10324, 11700, 0
10325, 11700, 0
10326, 11700, 0
10327, 11700, 0
10328, 11700, 0
10329, 11700, 0
10330, 11700, 0
10331, 11700, 0
10332, 11700, 0
10333, 11700, 0
10334, 11700, 0
10335, 11700, 0
10336, 11700, 0
10337, 11700, 0
10338, 11700, 0
10339, 11700, 0
10340, 11700, 0
10341, 11700, 0
10342, 11700, 0
10343, 11700, 0
10344, 11700, 0
10345, 11700, 0
10346, 11700, 0
10347, 11700, 0
10348, 11700, 0
10349, 11700, 0
10350, 11700, 0
10351, 11700, 0
10352, 11700, 0
10353, 11700, 0
10354, 11700, 0
10355, 11700, 0
10356, 11700, 0
10357, 11700, 0
10358, 11700, 0
10359, 11700, 0
10360, 11700, 0
10361, 11700, 0
10362, 11700, 0
10363, 11700, 0
10364, 11700, 0
10365, 11700, 0
10366, 11700, 0
10367, 11700, 0
10368, 11700, 0
10369, 11700, 0
10370, 11700, 0
10371, 11700, 0
10372, 11700, 0
10373, 11700, 0
10374, 11700, 0
10375, 11700, 0
10376, 11700, 0
10377, 11700, 0
10378, 11700, 0
10379, 11700, 0
10380, 11700, 0
10381, 11700, 0
10382, 11700, 0
10383, 11700, 0
10384, 11700, 0
10385, 11700, 0
10386, 11700, 0
10387, 11700, 0
10388, 11700, 0
10389, 11700, 0
10390, 11700, 0
10391, 11700, 0
10392, 11700, 0
10393, 11700, 0
10394, 11700, 0
10395, 11700, 0
10396, 11700, 0
10397, 11700, 0
10398, 11700, 0
10399, 11700, 0
10400, 11700, 0
10401, 11700, 0
10402, 11700, 0
10403, 11700, 0
10404, 11700, 0
10405, 11700, 0
10406, 11700, 0
10407, 11700, 0
10408, 11700, 0
10409, 11700, 0
10410, 11700, 0
10411, 11700, 0
10412, 11700, 0
10413, 11700, 0
10414, 11700, 0
10415, 11700, 0
10416, 11700, 0
10417, 11700, 0
10418, 11700, 0
10419, 11700, 0
10420, 11700, 0
10421, 11700, 0
10422, 11700, 0
10423, 11700, 0
10424, 11700, 0
10425, 11700, 0
10426, 11700, 0
10427, 11700, 0
10428, 11700, 0
10429, 11700, 0
10430, 11700, 0
10431, 11700, 0
10432, 11700, 0
10433, 11700, 0
10434, 11700, 0
10435, 11700, 0
10436, 11700, 0
10437, 11700, 0
10438, 11700, 0
10439, 11700, 0
10440, 11700, 0
10441, 11700, 0
10442, 11700, 0
10443, 11700, 0
10444, 11700, 0
10445, 11700, 0
10446, 11700, 0
10447, 11700, 0
10448, 11700, 0
10449, 11700, 0
10450, 11700, 0
10451, 11700, 0
10452, 11700, 0
10453, 11700, 0
10454, 11700, 0
10455, 11700, 0
10456, 11700, 0
10457, 11700, 0
10458, 11700, 0
10459, 11700, 0
10460, 11700, 0
10461, 11700, 0
10462, 11700, 0
10463, 11700, 0
10464, 11700, 0
10465, 11700, 0
10466, 11700, 0
10467, 11700, 0
10468, 11700, 0
10469, 11700, 0
10470, 11700, 0
10471, 11700, 0
10472, 11700, 0
10473, 11700, 0
10474, 11700, 0
10475, 11700, 0
10476, 11700, 0
10477, 11700, 0
10478, 11700, 0
10479, 11700, 0
10480, 11700, 0
10481, 11700, 0
10482, 11700, 0
10483, 11700, 0
10484, 11700, 0
10485, 11700, 0
10486, 11700, 0
10487, 11700, 0
10488, 11700, 0
10489, 11700, 0
10490, 11700, 0
10491, 11700, 0
10492, 11700, 0
10493, 11700, 0
10494, 11700, 0
10495, 11700, 0
10496, 11700, 0
10497, 11700, 0
10498, 11700, 0
10499, 11700, 0
10500, 11700, 0
10501, 11700, 0
10502, 11700, 0
10503, 11700, 0
10504, 11700, 0
10505, 11700, 0
10506, 11700, 0
10507, 11700, 0
10508, 11700, 0
10509, 11700, 0
10510, 11700, 0
10511, 11700, 0
10512, 11700, 0
10513, 11700, 0
10514, 11700, 0
10515, 11700, 0
10516, 11700, 0
10517, 11700, 0
10518, 11700, 0
10519, 11700, 0
10520, 11700, 0
10521, 11700, 0
10522, 11700, 0
10523, 11700, 0
10524, 11700, 0
10525, 11700, 0
10526, 11700, 0
10527, 11700, 0
10528, 11700, 0
10529, 11700, 0
10530, 11700, 0
10531, 11700, 0
10532, 11700, 0
10533, 11700, 0
10534, 11700, 0
10535, 11700, 0
10536, 11700, 0
10537, 11700, 0
10538, 11700, 0
10539, 11700, 0
10540, 11700, 0
10541, 11700, 0
10542, 11700, 0
10543, 11700, 0
10544, 11700, 0
10545, 11700, 0
10546, 11700, 0
10547, 11700, 0
10548, 11700, 0
10549, 11700, 0
10550, 11700, 0
10551, 11700, 0
10552, 11700, 0
10553, 11700, 0
10554, 11700, 0
10555, 11700, 0
10556, 11700, 0
10557, 11700, 0
10558, 11700, 0
10559, 11700, 0
10560, 11700, 0
10561, 11700, 0
10562, 11700, 0
10563, 11700, 0
10564, 11700, 0
10565, 11700, 0
10566, 11700, 0
10567, 11700, 0
10568, 11700, 0
10569, 11700, 0
10570, 11700, 0
10571, 11700, 0
10572, 11700, 0
10573, 11700, 0
10574, 11700, 0
10575, 11700, 0
10576, 11700, 0
10577, 11700, 0
10578, 11700, 0
10579, 11700, 0
10580, 11700, 0
10581, 11700, 0
10582, 11700, 0
10583, 11700, 0
10584, 11700, 0
10585, 11700, 0
10586, 11700, 0
10587, 11700, 0
10588, 11700, 0
10589, 11700, 0
10590, 11700, 0
10591, 11700, 0
10592, 11700, 0
10593, 11700, 0
10594, 11700, 0
10595, 11700, 0
10596, 11700, 0
10597, 11700, 0
10598, 11700, 0
10599, 11700, 0
10600, 11700, 0
10601, 11700, 0
10602, 11700, 0
10603, 11700, 0
10604, 11700, 0
10605, 11700, 0
10606, 11700, 0
10607, 11700, 0
10608, 11700, 0
10609, 11700, 0
10610, 11700, 0
10611, 11700, 0
10612, 11700, 0
10613, 11700, 0
10614, 11700, 0
10615, 11700, 0
10616, 11700, 0
10617, 11700, 0
10618, 11700, 0
10619, 11700, 0
10620, 11700, 0
10621, 11700, 0
10622, 11700, 0
10623, 11700, 0
10624, 11700, 0
10625, 11700, 0
10626, 11700, 0
10627, 11700, 0
10628, 11700, 0
10629, 11700, 0
10630, 11700, 0
10631, 11700, 0
10632, 11700, 0
10633, 11700, 0
10634, 11700, 0
10635, 11700, 0
10636, 11700, 0
10637, 11700, 0
10638, 11700, 0
10639, 11700, 0
10640, 11700, 0
10641, 11700, 0
10642, 11700, 0
10643, 11700, 0
10644, 11700, 0
10645, 11700, 0
10646, 11700, 0
10647, 11700, 0
10648, 11700, 0
10649, 11700, 0
10650, 11700, 0
10651, 11700, 0
10652, 11700, 0
10653, 11700, 0
10654, 11700, 0
10655, 11700, 0
10656, 11700, 0
10657, 11700, 0
10658, 11700, 0
10659, 11700, 0
10660, 11700, 0
10661, 11700, 0
10662, 11700, 0
10663, 11700, 0
10664, 11700, 0
10665, 11700, 0
10666, 11700, 0
10667, 11700, 0
10668, 11700, 0
10669, 11700, 0
10670, 11700, 0
10671, 11700, 0
10672, 11700, 0
10673, 11700, 0
10674, 11700, 0
10675, 11700, 0
10676, 11700, 0
10677, 11700, 0
10678, 11700, 0
10679, 11700, 0
10680, 11700, 0
10681, 11700, 0
10682, 11700, 0
10683, 11700, 0
10684, 11700, 0
10685, 11700, 0
10686, 11700, 0
10687, 11700, 0
10688, 11700, 0
10689, 11700, 0
10690, 11700, 0
10691, 11700, 0
10692, 11700, 0
10693, 11700, 0
10694, 11700, 0
10695, 11700, 0
10696, 11700, 0
10697, 11700, 0
10698, 11700, 0
10699, 11700, 0
10700, 11700, 0
10701, 11700, 0
10702, 11700, 0
10703, 11700, 0
10704, 11700, 0
10705, 11700, 0
10706, 11700, 0
10707, 11700, 0
10708, 11700, 0
10709, 11700, 0
10710, 11700, 0
10711, 11700, 0
10712, 11700, 0
10713, 11700, 0
10714, 11700, 0
10715, 11700, 0
10716, 11700, 0
10717, 11700, 0
10718, 11700, 0
10719, 11700, 0
10720, 11700, 0
10721, 11700, 0
10722, 11700, 0
10723, 11700, 0
10724, 11700, 0
10725, 11700, 0
10726, 11700, 0
10727, 11700, 0
10728, 11700, 0
10729, 11700, 0
10730, 11700, 0
10731, 11700, 0
10732, 11700, 0
10733, 11700, 0
10734, 11700, 0
10735, 11700, 0
10736, 11700, 0
10737, 11700, 0
10738, 11700, 0
10739, 11700, 0
10740, 11700, 0
10741, 11700, 0
10742, 11700, 0
10743, 11700, 0
10744, 11700, 0
10745, 11700, 0
10746, 11700, 0
10747, 11700, 0
10748, 11700, 0
10749, 11700, 0
10750, 11700, 0
10751, 11700, 0
10752, 11700, 0
10753, 11700, 0
10754, 11700, 0
10755, 11700, 0
10756, 11700, 0
10757, 11700, 0
10758, 11700, 0
10759, 11700, 0
10760, 11700, 0
10761, 11700, 0
10762, 11700, 0
10763, 11700, 0
10764, 11700, 0
10765, 11700, 0
10766, 11700, 0
10767, 11700, 0
10768, 11700, 0
10769, 11700, 0
10770, 11700, 0
10771, 11700, 0
10772, 11700, 0
10773, 11700, 0
10774, 11700, 0
10775, 11700, 0
10776, 11700, 0
10777, 11700, 0
10778, 11700, 0
10779, 11700, 0
10780, 11700, 0
10781, 11700, 0
10782, 11700, 0
10783, 11700, 0
10784, 11700, 0
10785, 11700, 0
10786, 11700, 0
10787, 11700, 0
10788, 11700, 0
10789, 11700, 0
10790, 11700, 0
10791, 11700, 0
10792, 11700, 0
10793, 11700, 0
10794, 11700, 0
10795, 11700, 0
10796, 11700, 0
10797, 11700, 0
10798, 11700, 0
10799, 11700, 0
10800, 11700, 0
10801, 11700, 0
10802, 11700, 0
10803, 11700, 0
10804, 11700, 0
10805, 11700, 0
10806, 11700, 0
10807, 11700, 0
10808, 11700, 0
10809, 11700, 0
10810, 11700, 0
10811, 11700, 0
10812, 11700, 0
10813, 11700, 0
10814, 11700, 0
10815, 11700, 0
10816, 11700, 0
10817, 11700, 0
10818, 11700, 0
10819, 11700, 0
10820, 11700, 0
10821, 11700, 0
10822, 11700, 0
10823, 11700, 0
10824, 11700, 0
10825, 11700, 0
10826, 11700, 0
10827, 11700, 0
10828, 11700, 0
10829, 11700, 0
10830, 11700, 0
10831, 11700, 0
10832, 11700, 0
10833, 11700, 0
10834, 11700, 0
10835, 11700, 0
10836, 11700, 0
10837, 11700, 0
10838, 11700, 0
10839, 11700, 0
10840, 11700, 0
10841, 11700, 0
10842, 11700, 0
10843, 11700, 0
10844, 11700, 0
10845, 11700, 0
10846, 11700, 0
10847, 11700, 0
10848, 11700, 0
10849, 11700, 0
10850, 11700, 0
10851, 11700, 0
10852, 11700, 0
10853, 11700, 0
10854, 11700, 0
10855, 11700, 0
10856, 11700, 0
10857, 11700, 0
10858, 11700, 0
10859, 11700, 0
10860, 11700, 0
10861, 11700, 0
10862, 11700, 0
10863, 11700, 0
10864, 11700, 0
10865, 11700, 0
10866, 11700, 0
10867, 11700, 0
10868, 11700, 0
10869, 11700, 0
10870, 11700, 0
10871, 11700, 0
10872, 11700, 0
10873, 11700, 0
10874, 11700, 0
10875, 11700, 0
10876, 11700, 0
10877, 11700, 0
10878, 11700, 0
10879, 11700, 0
10880, 11700, 0
10881, 11700, 0
10882, 11700, 0
10883, 11700, 0
10884, 11700, 0
10885, 11700, 0
10886, 11700, 0
10887, 11700, 0
10888, 11700, 0
10889, 11700, 0
10890, 11700, 0
10891, 11700, 0
10892, 11700, 0
10893, 11700, 0
10894, 11700, 0
10895, 11700, 0
10896, 11700, 0
10897, 11700, 0
10898, 11700, 0
10899, 11700, 0
10900, 11700, 0
10901, 11700, 0
10902, 11700, 0
10903, 11700, 0
10904, 11700, 0
10905, 11700, 0
10906, 11700, 0
10907, 11700, 0
10908, 11700, 0
10909, 11700, 0
10910, 11700, 0
10911, 11700, 0
10912, 11700, 0
10913, 11700, 0
10914, 11700, 0
10915, 11700, 0
10916, 11700, 0
10917, 11700, 0
10918, 11700, 0
10919, 11700, 0
10920, 11700, 0
10921, 11700, 0
10922, 11700, 0
10923, 11700, 0
10924, 11700, 0
10925, 11700, 0
10926, 11700, 0
10927, 11700, 0
10928, 11700, 0
10929, 11700, 0
10930, 11700, 0
10931, 11700, 0
10932, 11700, 0
10933, 11700, 0
10934, 11700, 0
10935, 11700, 0
10936, 11700, 0
10937, 11700, 0
10938, 11700, 0
10939, 11700, 0
10940, 11700, 0
10941, 11700, 0
10942, 11700, 0
10943, 11700, 0
10944, 11700, 0
10945, 11700, 0
10946, 11700, 0
10947, 11700, 0
10948, 11700, 0
10949, 11700, 0
10950, 11700, 0
10951, 11700, 0
10952, 11700, 0
10953, 11700, 0
10954, 11700, 0
10955, 11700, 0
10956, 11700, 0
10957, 11700, 0
10958, 11700, 0
10959, 11700, 0
10960, 11700, 0
10961, 11700, 0
10962, 11700, 0
10963, 11700, 0
10964, 11700, 0
10965, 11700, 0
10966, 11700, 0
10967, 11700, 0
10968, 11700, 0
10969, 11700, 0
10970, 11700, 0
10971, 11700, 0
10972, 11700, 0
10973, 11700, 0
10974, 11700, 0
10975, 11700, 0
10976, 11700, 0
10977, 11700, 0
10978, 11700, 0
10979, 11700, 0
10980, 11700, 0
10981, 11700, 0
10982, 11700, 0
10983, 11700, 0
10984, 11700, 0
10985, 11700, 0
10986, 11700, 0
10987, 11700, 0
10988, 11700, 0
10989, 11700, 0
10990, 11700, 0
10991, 11700, 0
10992, 11700, 0
10993, 11700, 0
10994, 11700, 0
10995, 11700, 0
10996, 11700, 0
10997, 11700, 0
10998, 11700, 0
10999, 11700, 0
11000, 11700, 0
