10000, 10000, 0
10001, 10000, 0
10002, 10000, 0
10003, 10000, 0
10004, 10000, 0
10005, 10000, 0
10006, 10000, 0
10007, 10000, 0
10008, 10000, 0
10009, 10000, 0
10010, 10000, 0
10011, 10000, 0
10012, 10000, 0
10013, 10000, 0
10014, 10000, 0
10015, 10000, 0
10016, 10000, 0
10017, 10000, 0
10018, 10000, 0
10019, 10000, 0
10020, 10000, 0
10021, 10000, 0
10022, 10000, 0
10023, 10000, 0
10024, 10000, 0
10025, 10000, 0
10026, 10000, 0
10027, 10000, 0
10028, 10000, 0
10029, 10000, 0
10030, 10000, 0
10031, 10000, 0
10032, 10000, 0
10033, 10000, 0
10034, 10000, 0
10035, 10000, 0
10036, 10000, 0
10037, 10000, 0
10038, 10000, 0
10039, 10000, 0
10040, 10000, 0
10041, 10000, 0
10042, 10000, 0
10043, 10000, 0
10044, 10000, 0
10045, 10000, 0
10046, 10000, 0
10047, 10000, 0
10048, 10000, 0
10049, 10000, 0
10050, 10000, 0
10051, 10000, 0
10052, 10000, 0
10053, 10000, 0
10054, 10000, 0
10055, 10000, 0
10056, 10000, 0
10057, 10000, 0
10058, 10000, 0
10059, 10000, 0
10060, 10000, 0
10061, 10000, 0
10062, 10000, 0
10063, 10000, 0
10064, 10000, 0
10065, 10000, 0
10066, 10000, 0
10067, 10000, 0
10068, 10000, 0
10069, 10000, 0
10070, 10000, 0
10071, 10000, 0
10072, 10000, 0
10073, 10000, 0
10074, 10000, 0
10075, 10000, 0
10076, 10000, 0
10077, 10000, 0
10078, 10000, 0
10079, 10000, 0
10080, 10000, 0
10081, 10000, 0
10082, 10000, 0
10083, 10000, 0
10084, 10000, 0
10085, 10000, 0
10086, 10000, 0
10087, 10000, 0
10088, 10000, 0
10089, 10000, 0
10090, 10000, 0
10091, 10000, 0
10092, 10000, 0
10093, 10000, 0
10094, 10000, 0
10095, 10000, 0
10096, 10000, 0
10097, 10000, 0
10098, 10000, 0
10099, 10000, 0
10100, 10000, 0
10101, 10000, 0
10102, 10000, 0
10103, 10000, 0
10104, 10000, 0
10105, 10000, 0
10106, 10000, 0
10107, 10000, 0
10108, 10000, 0
10109, 10000, 0
10110, 10000, 0
10111, 10000, 0
10112, 10000, 0
10113, 10000, 0
10114, 10000, 0
10115, 10000, 0
10116, 10000, 0
10117, 10000, 0
10118, 10000, 0
10119, 10000, 0
10120, 10000, 0
10121, 10000, 0
10122, 10000, 0
10123, 10000, 0
10124, 10000, 0
10125, 10000, 0
10126, 10000, 0
10127, 10000, 0
10128, 10000, 0
10129, 10000, 0
10130, 10000, 0
10131, 10000, 0
10132, 10000, 0
10133, 10000, 0
10134, 10000, 0
10135, 10000, 0
10136, 10000, 0
10137, 10000, 0
10138, 10000, 0
10139, 10000, 0
10140, 10000, 0
10141, 10000, 0
10142, 10000, 0
10143, 10000, 0
10144, 10000, 0
10145, 10000, 0
10146, 10000, 0
10147, 10000, 0
10148, 10000, 0
10149, 10000, 0
10150, 10000, 0
10151, 10000, 0
10152, 10000, 0
10153, 10000, 0
10154, 10000, 0
10155, 10000, 0
10156, 10000, 0
10157, 10000, 0
10158, 10000, 0
10159, 10000, 0
10160, 10000, 0
10161, 10000, 0
10162, 10000, 0
10163, 10000, 0
10164, 10000, 0
10165, 10000, 0
10166, 10000, 0
10167, 10000, 0
10168, 10000, 0
10169, 10000, 0
10170, 10000, 0
10171, 10000, 0
10172, 10000, 0
10173, 10000, 0
10174, 10000, 0
10175, 10000, 0
10176, 10000, 0
10177, 10000, 0
10178, 10000, 0
10179, 10000, 0
10180, 10000, 0
10181, 10000, 0
10182, 10000, 0
10183, 10000, 0
10184, 10000, 0
10185, 10000, 0
10186, 10000, 0
10187, 10000, 0
10188, 10000, 0
10189, 10000, 0
10190, 10000, 0
10191, 10000, 0
10192, 10000, 0
10193, 10000, 0
10194, 10000, 0
10195, 10000, 0
10196, 10000, 0
10197, 10000, 0
10198, 10000, 0
10199, 10000, 0
10200, 10000, 0
10201, 10000, 0
10202, 10000, 0
10203, 10000, 0
10204, 10000, 0
10205, 10000, 0
10206, 10000, 0
10207, 10000, 0
10208, 10000, 0
10209, 10000, 0
10210, 10000, 0
10211, 10000, 0
10212, 10000, 0
10213, 10000, 0
10214, 10000, 0
10215, 10000, 0
10216, 10000, 0
10217, 10000, 0
10218, 10000, 0
10219, 10000, 0
10220, 10000, 0
10221, 10000, 0
10222, 10000, 0
10223, 10000, 0
10224, 10000, 0
10225, 10000, 0
10226, 10000, 0
10227, 10000, 0
10228, 10000, 0
10229, 10000, 0
10230, 10000, 0
10231, 10000, 0
10232, 10000, 0
10233, 10000, 0
10234, 10000, 0
10235, 10000, 0
10236, 10000, 0
10237, 10000, 0
10238, 10000, 0
10239, 10000, 0
10240, 10000, 0
10241, 10000, 0
10242, 10000, 0
10243, 10000, 0
10244, 10000, 0
10245, 10000, 0
10246, 10000, 0
10247, 10000, 0
10248, 10000, 0
10249, 10000, 0
10250, 10000, 0
10251, 10000, 0
10252, 10000, 0
10253, 10000, 0
10254, 10000, 0
10255, 10000, 0
10256, 10000, 0
10257, 10000, 0
10258, 10000, 0
10259, 10000, 0
10260, 10000, 0
10261, 10000, 0
10262, 10000, 0
10263, 10000, 0
10264, 10000, 0
10265, 10000, 0
10266, 10000, 0
10267, 10000, 0
10268, 10000, 0
10269, 10000, 0
10270, 10000, 0
10271, 10000, 0
10272, 10000, 0
10273, 10000, 0
10274, 10000, 0
10275, 10000, 0
10276, 10000, 0
10277, 10000, 0
10278, 10000, 0
10279, 10000, 0
10280, 10000, 0
10281, 10000, 0
10282, 10000, 0
10283, 10000, 0
10284, 10000, 0
10285, 10000, 0
10286, 10000, 0
10287, 10000, 0
10288, 10000, 0
10289, 10000, 0
10290, 10000, 0
10291, 10000, 0
10292, 10000, 0
10293, 10000, 0
10294, 10000, 0
10295, 10000, 0
10296, 10000, 0
10297, 10000, 0
10298, 10000, 0
10299, 10000, 0
10300, 10000, 0
10301, 10000, 0
10302, 10000, 0
10303, 10000, 0
10304, 10000, 0
10305, 10000, 0
10306, 10000, 0
10307, 10000, 0
10308, 10000, 0
10309, 10000, 0
10310, 10000, 0
10311, 10000, 0
10312, 10000, 0
10313, 10000, 0
10314, 10000, 0
10315, 10000, 0
10316, 10000, 0
10317, 10000, 0
10318, 10000, 0
10319, 10000, 0
10320, 10000, 0
10321, 10000, 0
10322, 10000, 0
10323, 10000, 0
10324, 10000, 0
10325, 10000, 0
10326, 10000, 0
10327, 10000, 0
10328, 10000, 0
10329, 10000, 0
10330, 10000, 0
10331, 10000, 0
10332, 10000, 0
10333, 10000, 0
10334, 10000, 0
10335, 10000, 0
10336, 10000, 0
10337, 10000, 0
10338, 10000, 0
10339, 10000, 0
10340, 10000, 0
10341, 10000, 0
10342, 10000, 0
10343, 10000, 0
10344, 10000, 0
10345, 10000, 0
10346, 10000, 0
10347, 10000, 0
10348, 10000, 0
10349, 10000, 0
10350, 10000, 0
10351, 10000, 0
10352, 10000, 0
10353, 10000, 0
10354, 10000, 0
10355, 10000, 0
10356, 10000, 0
10357, 10000, 0
10358, 10000, 0
10359, 10000, 0
10360, 10000, 0
10361, 10000, 0
10362, 10000, 0
10363, 10000, 0
10364, 10000, 0
10365, 10000, 0
10366, 10000, 0
10367, 10000, 0
10368, 10000, 0
10369, 10000, 0
10370, 10000, 0
10371, 10000, 0
10372, 10000, 0
10373, 10000, 0
10374, 10000, 0
10375, 10000, 0
10376, 10000, 0
10377, 10000, 0
10378, 10000, 0
10379, 10000, 0
10380, 10000, 0
10381, 10000, 0
10382, 10000, 0
10383, 10000, 0
10384, 10000, 0
10385, 10000, 0
10386, 10000, 0
10387, 10000, 0
10388, 10000, 0
10389, 10000, 0
10390, 10000, 0
10391, 10000, 0
10392, 10000, 0
10393, 10000, 0
10394, 10000, 0
10395, 10000, 0
10396, 10000, 0
10397, 10000, 0
10398, 10000, 0
10399, 10000, 0
10400, 10000, 0
10401, 10000, 0
10402, 10000, 0
10403, 10000, 0
10404, 10000, 0
10405, 10000, 0
10406, 10000, 0
10407, 10000, 0
10408, 10000, 0
10409, 10000, 0
10410, 10000, 0
10411, 10000, 0
10412, 10000, 0
10413, 10000, 0
10414, 10000, 0
10415, 10000, 0
10416, 10000, 0
10417, 10000, 0
10418, 10000, 0
10419, 10000, 0
10420, 10000, 0
10421, 10000, 0
10422, 10000, 0
10423, 10000, 0
10424, 10000, 0
10425, 10000, 0
10426, 10000, 0
10427, 10000, 0
10428, 10000, 0
10429, 10000, 0
10430, 10000, 0
10431, 10000, 0
10432, 10000, 0
10433, 10000, 0
10434, 10000, 0
10435, 10000, 0
10436, 10000, 0
10437, 10000, 0
10438, 10000, 0
10439, 10000, 0
10440, 10000, 0
10441, 10000, 0
10442, 10000, 0
10443, 10000, 0
10444, 10000, 0
10445, 10000, 0
10446, 10000, 0
10447, 10000, 0
10448, 10000, 0
10449, 10000, 0
10450, 10000, 0
10451, 10000, 0
10452, 10000, 0
10453, 10000, 0
10454, 10000, 0
10455, 10000, 0
10456, 10000, 0
10457, 10000, 0
10458, 10000, 0
10459, 10000, 0
10460, 10000, 0
10461, 10000, 0
10462, 10000, 0
10463, 10000, 0
10464, 10000, 0
10465, 10000, 0
10466, 10000, 0
10467, 10000, 0
10468, 10000, 0
10469, 10000, 0
10470, 10000, 0
10471, 10000, 0
10472, 10000, 0
10473, 10000, 0
10474, 10000, 0
10475, 10000, 0
10476, 10000, 0
10477, 10000, 0
10478, 10000, 0
10479, 10000, 0
10480, 10000, 0
10481, 10000, 0
10482, 10000, 0
10483, 10000, 0
10484, 10000, 0
10485, 10000, 0
10486, 10000, 0
10487, 10000, 0
10488, 10000, 0
10489, 10000, 0
10490, 10000, 0
10491, 10000, 0
10492, 10000, 0
10493, 10000, 0
10494, 10000, 0
10495, 10000, 0
10496, 10000, 0
10497, 10000, 0
10498, 10000, 0
10499, 10000, 0
10500, 10000, 0
10501, 10000, 0
10502, 10000, 0
10503, 10000, 0
10504, 10000, 0
10505, 10000, 0
10506, 10000, 0
10507, 10000, 0
10508, 10000, 0
10509, 10000, 0
10510, 10000, 0
10511, 10000, 0
10512, 10000, 0
10513, 10000, 0
10514, 10000, 0
10515, 10000, 0
10516, 10000, 0
10517, 10000, 0
10518, 10000, 0
10519, 10000, 0
10520, 10000, 0
10521, 10000, 0
10522, 10000, 0
10523, 10000, 0
10524, 10000, 0
10525, 10000, 0
10526, 10000, 0
10527, 10000, 0
10528, 10000, 0
10529, 10000, 0
10530, 10000, 0
10531, 10000, 0
10532, 10000, 0
10533, 10000, 0
10534, 10000, 0
10535, 10000, 0
10536, 10000, 0
10537, 10000, 0
10538, 10000, 0
10539, 10000, 0
10540, 10000, 0
10541, 10000, 0
10542, 10000, 0
10543, 10000, 0
10544, 10000, 0
10545, 10000, 0
10546, 10000, 0
10547, 10000, 0
10548, 10000, 0
10549, 10000, 0
10550, 10000, 0
10551, 10000, 0
10552, 10000, 0
10553, 10000, 0
10554, 10000, 0
10555, 10000, 0
10556, 10000, 0
10557, 10000, 0
10558, 10000, 0
10559, 10000, 0
10560, 10000, 0
10561, 10000, 0
10562, 10000, 0
10563, 10000, 0
10564, 10000, 0
10565, 10000, 0
10566, 10000, 0
10567, 10000, 0
10568, 10000, 0
10569, 10000, 0
10570, 10000, 0
10571, 10000, 0
10572, 10000, 0
10573, 10000, 0
10574, 10000, 0
10575, 10000, 0
10576, 10000, 0
10577, 10000, 0
10578, 10000, 0
10579, 10000, 0
10580, 10000, 0
10581, 10000, 0
10582, 10000, 0
10583, 10000, 0
10584, 10000, 0
10585, 10000, 0
10586, 10000, 0
10587, 10000, 0
10588, 10000, 0
10589, 10000, 0
10590, 10000, 0
10591, 10000, 0
10592, 10000, 0
10593, 10000, 0
10594, 10000, 0
10595, 10000, 0
10596, 10000, 0
10597, 10000, 0
10598, 10000, 0
10599, 10000, 0
10600, 10000, 0
10601, 10000, 0
10602, 10000, 0
10603, 10000, 0
10604, 10000, 0
10605, 10000, 0
10606, 10000, 0
10607, 10000, 0
10608, 10000, 0
10609, 10000, 0
10610, 10000, 0
10611, 10000, 0
10612, 10000, 0
10613, 10000, 0
10614, 10000, 0
10615, 10000, 0
10616, 10000, 0
10617, 10000, 0
10618, 10000, 0
10619, 10000, 0
10620, 10000, 0
10621, 10000, 0
10622, 10000, 0
10623, 10000, 0
10624, 10000, 0
10625, 10000, 0
10626, 10000, 0
10627, 10000, 0
10628, 10000, 0
10629, 10000, 0
10630, 10000, 0
10631, 10000, 0
10632, 10000, 0
10633, 10000, 0
10634, 10000, 0
10635, 10000, 0
10636, 10000, 0
10637, 10000, 0
10638, 10000, 0
10639, 10000, 0
10640, 10000, 0
10641, 10000, 0
10642, 10000, 0
10643, 10000, 0
10644, 10000, 0
10645, 10000, 0
10646, 10000, 0
10647, 10000, 0
10648, 10000, 0
10649, 10000, 0
10650, 10000, 0
10651, 10000, 0
10652, 10000, 0
10653, 10000, 0
10654, 10000, 0
10655, 10000, 0
10656, 10000, 0
10657, 10000, 0
10658, 10000, 0
10659, 10000, 0
10660, 10000, 0
10661, 10000, 0
10662, 10000, 0
10663, 10000, 0
10664, 10000, 0
10665, 10000, 0
10666, 10000, 0
10667, 10000, 0
10668, 10000, 0
10669, 10000, 0
10670, 10000, 0
10671, 10000, 0
10672, 10000, 0
10673, 10000, 0
10674, 10000, 0
10675, 10000, 0
10676, 10000, 0
10677, 10000, 0
10678, 10000, 0
10679, 10000, 0
10680, 10000, 0
10681, 10000, 0
10682, 10000, 0
10683, 10000, 0
10684, 10000, 0
10685, 10000, 0
10686, 10000, 0
10687, 10000, 0
10688, 10000, 0
10689, 10000, 0
10690, 10000, 0
10691, 10000, 0
10692, 10000, 0
10693, 10000, 0
10694, 10000, 0
10695, 10000, 0
10696, 10000, 0
10697, 10000, 0
10698, 10000, 0
10699, 10000, 0
10700, 10000, 0
10701, 10000, 0
10702, 10000, 0
10703, 10000, 0
10704, 10000, 0
10705, 10000, 0
10706, 10000, 0
10707, 10000, 0
10708, 10000, 0
10709, 10000, 0
10710, 10000, 0
10711, 10000, 0
10712, 10000, 0
10713, 10000, 0
10714, 10000, 0
10715, 10000, 0
10716, 10000, 0
10717, 10000, 0
10718, 10000, 0
10719, 10000, 0
10720, 10000, 0
10721, 10000, 0
10722, 10000, 0
10723, 10000, 0
10724, 10000, 0
10725, 10000, 0
10726, 10000, 0
10727, 10000, 0
10728, 10000, 0
10729, 10000, 0
10730, 10000, 0
10731, 10000, 0
10732, 10000, 0
10733, 10000, 0
10734, 10000, 0
10735, 10000, 0
10736, 10000, 0
10737, 10000, 0
10738, 10000, 0
10739, 10000, 0
10740, 10000, 0
10741, 10000, 0
10742, 10000, 0
10743, 10000, 0
10744, 10000, 0
10745, 10000, 0
10746, 10000, 0
10747, 10000, 0
10748, 10000, 0
10749, 10000, 0
10750, 10000, 0
10751, 10000, 0
10752, 10000, 0
10753, 10000, 0
10754, 10000, 0
10755, 10000, 0
10756, 10000, 0
10757, 10000, 0
10758, 10000, 0
10759, 10000, 0
10760, 10000, 0
10761, 10000, 0
10762, 10000, 0
10763, 10000, 0
10764, 10000, 0
10765, 10000, 0
10766, 10000, 0
10767, 10000, 0
10768, 10000, 0
10769, 10000, 0
10770, 10000, 0
10771, 10000, 0
10772, 10000, 0
10773, 10000, 0
10774, 10000, 0
10775, 10000, 0
10776, 10000, 0
10777, 10000, 0
10778, 10000, 0
10779, 10000, 0
10780, 10000, 0
10781, 10000, 0
10782, 10000, 0
10783, 10000, 0
10784, 10000, 0
10785, 10000, 0
10786, 10000, 0
10787, 10000, 0
10788, 10000, 0
10789, 10000, 0
10790, 10000, 0
10791, 10000, 0
10792, 10000, 0
10793, 10000, 0
10794, 10000, 0
10795, 10000, 0
10796, 10000, 0
10797, 10000, 0
10798, 10000, 0
10799, 10000, 0
10800, 10000, 0
10801, 10000, 0
10802, 10000, 0
10803, 10000, 0
10804, 10000, 0
10805, 10000, 0
10806, 10000, 0
10807, 10000, 0
10808, 10000, 0
10809, 10000, 0
10810, 10000, 0
10811, 10000, 0
10812, 10000, 0
10813, 10000, 0
10814, 10000, 0
10815, 10000, 0
10816, 10000, 0
10817, 10000, 0
10818, 10000, 0
10819, 10000, 0
10820, 10000, 0
10821, 10000, 0
10822, 10000, 0
10823, 10000, 0
10824, 10000, 0
10825, 10000, 0
10826, 10000, 0
10827, 10000, 0
10828, 10000, 0
10829, 10000, 0
10830, 10000, 0
10831, 10000, 0
10832, 10000, 0
10833, 10000, 0
10834, 10000, 0
10835, 10000, 0
10836, 10000, 0
10837, 10000, 0
10838, 10000, 0
10839, 10000, 0
10840, 10000, 0
10841, 10000, 0
10842, 10000, 0
10843, 10000, 0
10844, 10000, 0
10845, 10000, 0
10846, 10000, 0
10847, 10000, 0
10848, 10000, 0
10849, 10000, 0
10850, 10000, 0
10851, 10000, 0
10852, 10000, 0
10853, 10000, 0
10854, 10000, 0
10855, 10000, 0
10856, 10000, 0
10857, 10000, 0
10858, 10000, 0
10859, 10000, 0
10860, 10000, 0
10861, 10000, 0
10862, 10000, 0
10863, 10000, 0
10864, 10000, 0
10865, 10000, 0
10866, 10000, 0
10867, 10000, 0
10868, 10000, 0
10869, 10000, 0
10870, 10000, 0
10871, 10000, 0
10872, 10000, 0
10873, 10000, 0
10874, 10000, 0
10875, 10000, 0
10876, 10000, 0
10877, 10000, 0
10878, 10000, 0
10879, 10000, 0
10880, 10000, 0
10881, 10000, 0
10882, 10000, 0
10883, 10000, 0
10884, 10000, 0
10885, 10000, 0
10886, 10000, 0
10887, 10000, 0
10888, 10000, 0
10889, 10000, 0
10890, 10000, 0
10891, 10000, 0
10892, 10000, 0
10893, 10000, 0
10894, 10000, 0
10895, 10000, 0
10896, 10000, 0
10897, 10000, 0
10898, 10000, 0
10899, 10000, 0
10900, 10000, 0
10901, 10000, 0
10902, 10000, 0
10903, 10000, 0
10904, 10000, 0
10905, 10000, 0
10906, 10000, 0
10907, 10000, 0
10908, 10000, 0
10909, 10000, 0
10910, 10000, 0
10911, 10000, 0
10912, 10000, 0
10913, 10000, 0
10914, 10000, 0
10915, 10000, 0
10916, 10000, 0
10917, 10000, 0
10918, 10000, 0
10919, 10000, 0
10920, 10000, 0
10921, 10000, 0
10922, 10000, 0
10923, 10000, 0
10924, 10000, 0
10925, 10000, 0
10926, 10000, 0
10927, 10000, 0
10928, 10000, 0
10929, 10000, 0
10930, 10000, 0
10931, 10000, 0
10932, 10000, 0
10933, 10000, 0
10934, 10000, 0
10935, 10000, 0
10936, 10000, 0
10937, 10000, 0
10938, 10000, 0
10939, 10000, 0
10940, 10000, 0
10941, 10000, 0
10942, 10000, 0
10943, 10000, 0
10944, 10000, 0
10945, 10000, 0
10946, 10000, 0
10947, 10000, 0
10948, 10000, 0
10949, 10000, 0
10950, 10000, 0
10951, 10000, 0
10952, 10000, 0
10953, 10000, 0
10954, 10000, 0
10955, 10000, 0
10956, 10000, 0
10957, 10000, 0
10958, 10000, 0
10959, 10000, 0
10960, 10000, 0
10961, 10000, 0
10962, 10000, 0
10963, 10000, 0
10964, 10000, 0
10965, 10000, 0
10966, 10000, 0
10967, 10000, 0
10968, 10000, 0
10969, 10000, 0
10970, 10000, 0
10971, 10000, 0
10972, 10000, 0
10973, 10000, 0
10974, 10000, 0
10975, 10000, 0
10976, 10000, 0
10977, 10000, 0
10978, 10000, 0
10979, 10000, 0
10980, 10000, 0
10981, 10000, 0
10982, 10000, 0
10983, 10000, 0
10984, 10000, 0
10985, 10000, 0
10986, 10000, 0
10987, 10000, 0
10988, 10000, 0
10989, 10000, 0
10990, 10000, 0
10991, 10000, 0
10992, 10000, 0
10993, 10000, 0
10994, 10000, 0
10995, 10000, 0
10996, 10000, 0
10997, 10000, 0
10998, 10000, 0
10999, 10000, 0
11000, 10000, 0
11000, 10000, 1
10000, 10050, 1
10000, 10050, 0
10001, 10050, 0
10002, 10050, 0
10003, 10050, 0
10004, 10050, 0
10005, 10050, 0
10006, 10050, 0
10007, 10050, 0
10008, 10050, 0
10009, 10050, 0
10010, 10050, 0
10011, 10050, 0
10012, 10050, 0
10013, 10050, 0
10014, 10050, 0
10015, 10050, 0
10016, 10050, 0
10017, 10050, 0
10018, 10050, 0
10019, 10050, 0
10020, 10050, 0
10021, 10050, 0
10022, 10050, 0
10023, 10050, 0
10024, 10050, 0
10025, 10050, 0
10026, 10050, 0
10027, 10050, 0
10028, 10050, 0
10029, 10050, 0
10030, 10050, 0
10031, 10050, 0
10032, 10050, 0
10033, 10050, 0
10034, 10050, 0
10035, 10050, 0
10036, 10050, 0
10037, 10050, 0
10038, 10050, 0
10039, 10050, 0
10040, 10050, 0
10041, 10050, 0
10042, 10050, 0
10043, 10050, 0
10044, 10050, 0
10045, 10050, 0
10046, 10050, 0
10047, 10050, 0
10048, 10050, 0
10049, 10050, 0
10050, 10050, 0
10051, 10050, 0
10052, 10050, 0
10053, 10050, 0
10054, 10050, 0
10055, 10050, 0
10056, 10050, 0
10057, 10050, 0
10058, 10050, 0
10059, 10050, 0
10060, 10050, 0
10061, 10050, 0
10062, 10050, 0
10063, 10050, 0
10064, 10050, 0
10065, 10050, 0
10066, 10050, 0
10067, 10050, 0
10068, 10050, 0
10069, 10050, 0
10070, 10050, 0
10071, 10050, 0
10072, 10050, 0
10073, 10050, 0
10074, 10050, 0
10075, 10050, 0
10076, 10050, 0
10077, 10050, 0
10078, 10050, 0
10079, 10050, 0
10080, 10050, 0
10081, 10050, 0
10082, 10050, 0
10083, 10050, 0
10084, 10050, 0
10085, 10050, 0
10086, 10050, 0
10087, 10050, 0
10088, 10050, 0
10089, 10050, 0
10090, 10050, 0
10091, 10050, 0
10092, 10050, 0
10093, 10050, 0
10094, 10050, 0
10095, 10050, 0
10096, 10050, 0
10097, 10050, 0
10098, 10050, 0
10099, 10050, 0
10100, 10050, 0
10101, 10050, 0
10102, 10050, 0
10103, 10050, 0
10104, 10050, 0
10105, 10050, 0
10106, 10050, 0
10107, 10050, 0
10108, 10050, 0
10109, 10050, 0
10110, 10050, 0
10111, 10050, 0
10112, 10050, 0
10113, 10050, 0
10114, 10050, 0
10115, 10050, 0
10116, 10050, 0
10117, 10050, 0
10118, 10050, 0
10119, 10050, 0
10120, 10050, 0
10121, 10050, 0
10122, 10050, 0
10123, 10050, 0
10124, 10050, 0
10125, 10050, 0
10126, 10050, 0
10127, 10050, 0
10128, 10050, 0
10129, 10050, 0
10130, 10050, 0
10131, 10050, 0
10132, 10050, 0
10133, 10050, 0
10134, 10050, 0
10135, 10050, 0
10136, 10050, 0
10137, 10050, 0
10138, 10050, 0
10139, 10050, 0
10140, 10050, 0
10141, 10050, 0
10142, 10050, 0
10143, 10050, 0
10144, 10050, 0
10145, 10050, 0
10146, 10050, 0
10147, 10050, 0
10148, 10050, 0
10149, 10050, 0
10150, 10050, 0
10151, 10050, 0
10152, 10050, 0
10153, 10050, 0
10154, 10050, 0
10155, 10050, 0
10156, 10050, 0
10157, 10050, 0
10158, 10050, 0
10159, 10050, 0
10160, 10050, 0
10161, 10050, 0
10162, 10050, 0
10163, 10050, 0
10164, 10050, 0
10165, 10050, 0
10166, 10050, 0
10167, 10050, 0
10168, 10050, 0
10169, 10050, 0
10170, 10050, 0
10171, 10050, 0
10172, 10050, 0
10173, 10050, 0
10174, 10050, 0
10175, 10050, 0
10176, 10050, 0
10177, 10050, 0
10178, 10050, 0
10179, 10050, 0
10180, 10050, 0
10181, 10050, 0
10182, 10050, 0
10183, 10050, 0
10184, 10050, 0
10185, 10050, 0
10186, 10050, 0
10187, 10050, 0
10188, 10050, 0
10189, 10050, 0
10190, 10050, 0
10191, 10050, 0
10192, 10050, 0
10193, 10050, 0
10194, 10050, 0
10195, 10050, 0
10196, 10050, 0
10197, 10050, 0
10198, 10050, 0
10199, 10050, 0
10200, 10050, 0
10201, 10050, 0
10202, 10050, 0
10203, 10050, 0
10204, 10050, 0
10205, 10050, 0
10206, 10050, 0
10207, 10050, 0
10208, 10050, 0
10209, 10050, 0
10210, 10050, 0
10211, 10050, 0
10212, 10050, 0
10213, 10050, 0
10214, 10050, 0
10215, 10050, 0
10216, 10050, 0
10217, 10050, 0
10218, 10050, 0
10219, 10050, 0
10220, 10050, 0
10221, 10050, 0
10222, 10050, 0
10223, 10050, 0
10224, 10050, 0
10225, 10050, 0
10226, 10050, 0
10227, 10050, 0
10228, 10050, 0
10229, 10050, 0
10230, 10050, 0
10231, 10050, 0
10232, 10050, 0
10233, 10050, 0
10234, 10050, 0
10235, 10050, 0
10236, 10050, 0
10237, 10050, 0
10238, 10050, 0
10239, 10050, 0
10240, 10050, 0
10241, 10050, 0
10242, 10050, 0
10243, 10050, 0
10244, 10050, 0
10245, 10050, 0
10246, 10050, 0
10247, 10050, 0
10248, 10050, 0
10249, 10050, 0
10250, 10050, 0
10251, 10050, 0
10252, 10050, 0
10253, 10050, 0
10254, 10050, 0
10255, 10050, 0
10256, 10050, 0
10257, 10050, 0
10258, 10050, 0
10259, 10050, 0
10260, 10050, 0
10261, 10050, 0
10262, 10050, 0
10263, 10050, 0
10264, 10050, 0
10265, 10050, 0
10266, 10050, 0
10267, 10050, 0
10268, 10050, 0
10269, 10050, 0
10270, 10050, 0
10271, 10050, 0
10272, 10050, 0
10273, 10050, 0
10274, 10050, 0
10275, 10050, 0
10276, 10050, 0
10277, 10050, 0
10278, 10050, 0
10279, 10050, 0
10280, 10050, 0
10281, 10050, 0
10282, 10050, 0
10283, 10050, 0
10284, 10050, 0
10285, 10050, 0
10286, 10050, 0
10287, 10050, 0
10288, 10050, 0
10289, 10050, 0
10290, 10050, 0
10291, 10050, 0
10292, 10050, 0
10293, 10050, 0
10294, 10050, 0
10295, 10050, 0
10296, 10050, 0
10297, 10050, 0
10298, 10050, 0
10299, 10050, 0
10300, 10050, 0
10301, 10050, 0
10302, 10050, 0
10303, 10050, 0
10304, 10050, 0
10305, 10050, 0
10306, 10050, 0
10307, 10050, 0
10308, 10050, 0
10309, 10050, 0
10310, 10050, 0
10311, 10050, 0
10312, 10050, 0
10313, 10050, 0
10314, 10050, 0
10315, 10050, 0
10316, 10050, 0
10317, 10050, 0
10318, 10050, 0
10319, 10050, 0
10320, 10050, 0
10321, 10050, 0
10322, 10050, 0
10323, 10050, 0
10324, 10050, 0
10325, 10050, 0
10326, 10050, 0
10327, 10050, 0
10328, 10050, 0
10329, 10050, 0
10330, 10050, 0
10331, 10050, 0
10332, 10050, 0
10333, 10050, 0
10334, 10050, 0
10335, 10050, 0
10336, 10050, 0
10337, 10050, 0
10338, 10050, 0
10339, 10050, 0
10340, 10050, 0
10341, 10050, 0
10342, 10050, 0
10343, 10050, 0
10344, 10050, 0
10345, 10050, 0
10346, 10050, 0
10347, 10050, 0
10348, 10050, 0
10349, 10050, 0
10350, 10050, 0
10351, 10050, 0
10352, 10050, 0
10353, 10050, 0
10354, 10050, 0
10355, 10050, 0
10356, 10050, 0
10357, 10050, 0
10358, 10050, 0
10359, 10050, 0
10360, 10050, 0
10361, 10050, 0
10362, 10050, 0
10363, 10050, 0
10364, 10050, 0
10365, 10050, 0
10366, 10050, 0
10367, 10050, 0
10368, 10050, 0
10369, 10050, 0
10370, 10050, 0
10371, 10050, 0
10372, 10050, 0
10373, 10050, 0
10374, 10050, 0
10375, 10050, 0
10376, 10050, 0
10377, 10050, 0
10378, 10050, 0
10379, 10050, 0
10380, 10050, 0
10381, 10050, 0
10382, 10050, 0
10383, 10050, 0
10384, 10050, 0
10385, 10050, 0
10386, 10050, 0
10387, 10050, 0
10388, 10050, 0
10389, 10050, 0
10390, 10050, 0
10391, 10050, 0
10392, 10050, 0
10393, 10050, 0
10394, 10050, 0
10395, 10050, 0
10396, 10050, 0
10397, 10050, 0
10398, 10050, 0
10399, 10050, 0
10400, 10050, 0
10401, 10050, 0
10402, 10050, 0
10403, 10050, 0
10404, 10050, 0
10405, 10050, 0
10406, 10050, 0
10407, 10050, 0
10408, 10050, 0
10409, 10050, 0
10410, 10050, 0
10411, 10050, 0
10412, 10050, 0
10413, 10050, 0
10414, 10050, 0
10415, 10050, 0
10416, 10050, 0
10417, 10050, 0
10418, 10050, 0
10419, 10050, 0
10420, 10050, 0
10421, 10050, 0
10422, 10050, 0
10423, 10050, 0
10424, 10050, 0
10425, 10050, 0
10426, 10050, 0
10427, 10050, 0
10428, 10050, 0
10429, 10050, 0
10430, 10050, 0
10431, 10050, 0
10432, 10050, 0
10433, 10050, 0
10434, 10050, 0
10435, 10050, 0
10436, 10050, 0
10437, 10050, 0
10438, 10050, 0
10439, 10050, 0
10440, 10050, 0
10441, 10050, 0
10442, 10050, 0
10443, 10050, 0
10444, 10050, 0
10445, 10050, 0
10446, 10050, 0
10447, 10050, 0
10448, 10050, 0
10449, 10050, 0
10450, 10050, 0
10451, 10050, 0
10452, 10050, 0
10453, 10050, 0
10454, 10050, 0
10455, 10050, 0
10456, 10050, 0
10457, 10050, 0
10458, 10050, 0
10459, 10050, 0
10460, 10050, 0
10461, 10050, 0
10462, 10050, 0
10463, 10050, 0
10464, 10050, 0
10465, 10050, 0
10466, 10050, 0
10467, 10050, 0
10468, 10050, 0
10469, 10050, 0
10470, 10050, 0
10471, 10050, 0
10472, 10050, 0
10473, 10050, 0
10474, 10050, 0
10475, 10050, 0
10476, 10050, 0
10477, 10050, 0
10478, 10050, 0
10479, 10050, 0
10480, 10050, 0
10481, 10050, 0
10482, 10050, 0
10483, 10050, 0
10484, 10050, 0
10485, 10050, 0
10486, 10050, 0
10487, 10050, 0
10488, 10050, 0
10489, 10050, 0
10490, 10050, 0
10491, 10050, 0
10492, 10050, 0
10493, 10050, 0
10494, 10050, 0
10495, 10050, 0
10496, 10050, 0
10497, 10050, 0
10498, 10050, 0
10499, 10050, 0
10500, 10050, 0
10501, 10050, 0
10502, 10050, 0
10503, 10050, 0
10504, 10050, 0
10505, 10050, 0
10506, 10050, 0
10507, 10050, 0
10508, 10050, 0
10509, 10050, 0
10510, 10050, 0
10511, 10050, 0
10512, 10050, 0
10513, 10050, 0
10514, 10050, 0
10515, 10050, 0
10516, 10050, 0
10517, 10050, 0
10518, 10050, 0
10519, 10050, 0
10520, 10050, 0
10521, 10050, 0
10522, 10050, 0
10523, 10050, 0
10524, 10050, 0
10525, 10050, 0
10526, 10050, 0
10527, 10050, 0
10528, 10050, 0
10529, 10050, 0
10530, 10050, 0
10531, 10050, 0
10532, 10050, 0
10533, 10050, 0
10534, 10050, 0
10535, 10050, 0
10536, 10050, 0
10537, 10050, 0
10538, 10050, 0
10539, 10050, 0
10540, 10050, 0
10541, 10050, 0
10542, 10050, 0
10543, 10050, 0
10544, 10050, 0
10545, 10050, 0
10546, 10050, 0
10547, 10050, 0
10548, 10050, 0
10549, 10050, 0
10550, 10050, 0
10551, 10050, 0
10552, 10050, 0
10553, 10050, 0
10554, 10050, 0
10555, 10050, 0
10556, 10050, 0
10557, 10050, 0
10558, 10050, 0
10559, 10050, 0
10560, 10050, 0
10561, 10050, 0
10562, 10050, 0
10563, 10050, 0
10564, 10050, 0
10565, 10050, 0
10566, 10050, 0
10567, 10050, 0
10568, 10050, 0
10569, 10050, 0
10570, 10050, 0
10571, 10050, 0
10572, 10050, 0
10573, 10050, 0
10574, 10050, 0
10575, 10050, 0
10576, 10050, 0
10577, 10050, 0
10578, 10050, 0
10579, 10050, 0
10580, 10050, 0
10581, 10050, 0
10582, 10050, 0
10583, 10050, 0
10584, 10050, 0
10585, 10050, 0
10586, 10050, 0
10587, 10050, 0
10588, 10050, 0
10589, 10050, 0
10590, 10050, 0
10591, 10050, 0
10592, 10050, 0
10593, 10050, 0
10594, 10050, 0
10595, 10050, 0
10596, 10050, 0
10597, 10050, 0
10598, 10050, 0
10599, 10050, 0
10600, 10050, 0
10601, 10050, 0
10602, 10050, 0
10603, 10050, 0
10604, 10050, 0
10605, 10050, 0
10606, 10050, 0
10607, 10050, 0
10608, 10050, 0
10609, 10050, 0
10610, 10050, 0
10611, 10050, 0
10612, 10050, 0
10613, 10050, 0
10614, 10050, 0
10615, 10050, 0
10616, 10050, 0
10617, 10050, 0
10618, 10050, 0
10619, 10050, 0
10620, 10050, 0
10621, 10050, 0
10622, 10050, 0
10623, 10050, 0
10624, 10050, 0
10625, 10050, 0
10626, 10050, 0
10627, 10050, 0
10628, 10050, 0
10629, 10050, 0
10630, 10050, 0
10631, 10050, 0
10632, 10050, 0
10633, 10050, 0
10634, 10050, 0
10635, 10050, 0
10636, 10050, 0
10637, 10050, 0
10638, 10050, 0
10639, 10050, 0
10640, 10050, 0
10641, 10050, 0
10642, 10050, 0
10643, 10050, 0
10644, 10050, 0
10645, 10050, 0
10646, 10050, 0
10647, 10050, 0
10648, 10050, 0
10649, 10050, 0
10650, 10050, 0
10651, 10050, 0
10652, 10050, 0
10653, 10050, 0
10654, 10050, 0
10655, 10050, 0
10656, 10050, 0
10657, 10050, 0
10658, 10050, 0
10659, 10050, 0
10660, 10050, 0
10661, 10050, 0
10662, 10050, 0
10663, 10050, 0
10664, 10050, 0
10665, 10050, 0
10666, 10050, 0
10667, 10050, 0
10668, 10050, 0
10669, 10050, 0
10670, 10050, 0
10671, 10050, 0
10672, 10050, 0
10673, 10050, 0
10674, 10050, 0
10675, 10050, 0
10676, 10050, 0
10677, 10050, 0
10678, 10050, 0
10679, 10050, 0
10680, 10050, 0
10681, 10050, 0
10682, 10050, 0
10683, 10050, 0
10684, 10050, 0
10685, 10050, 0
10686, 10050, 0
10687, 10050, 0
10688, 10050, 0
10689, 10050, 0
10690, 10050, 0
10691, 10050, 0
10692, 10050, 0
10693, 10050, 0
10694, 10050, 0
10695, 10050, 0
10696, 10050, 0
10697, 10050, 0
10698, 10050, 0
10699, 10050, 0
10700, 10050, 0
10701, 10050, 0
10702, 10050, 0
10703, 10050, 0
10704, 10050, 0
10705, 10050, 0
10706, 10050, 0
10707, 10050, 0
10708, 10050, 0
10709, 10050, 0
10710, 10050, 0
10711, 10050, 0
10712, 10050, 0
10713, 10050, 0
10714, 10050, 0
10715, 10050, 0
10716, 10050, 0
10717, 10050, 0
10718, 10050, 0
10719, 10050, 0
10720, 10050, 0
10721, 10050, 0
10722, 10050, 0
10723, 10050, 0
10724, 10050, 0
10725, 10050, 0
10726, 10050, 0
10727, 10050, 0
10728, 10050, 0
10729, 10050, 0
10730, 10050, 0
10731, 10050, 0
10732, 10050, 0
10733, 10050, 0
10734, 10050, 0
10735, 10050, 0
10736, 10050, 0
10737, 10050, 0
10738, 10050, 0
10739, 10050, 0
10740, 10050, 0
10741, 10050, 0
10742, 10050, 0
10743, 10050, 0
10744, 10050, 0
10745, 10050, 0
10746, 10050, 0
10747, 10050, 0
10748, 10050, 0
10749, 10050, 0
10750, 10050, 0
10751, 10050, 0
10752, 10050, 0
10753, 10050, 0
10754, 10050, 0
10755, 10050, 0
10756, 10050, 0
10757, 10050, 0
10758, 10050, 0
10759, 10050, 0
10760, 10050, 0
10761, 10050, 0
10762, 10050, 0
10763, 10050, 0
10764, 10050, 0
10765, 10050, 0
10766, 10050, 0
10767, 10050, 0
10768, 10050, 0
10769, 10050, 0
10770, 10050, 0
10771, 10050, 0
10772, 10050, 0
10773, 10050, 0
10774, 10050, 0
10775, 10050, 0
10776, 10050, 0
10777, 10050, 0
10778, 10050, 0
10779, 10050, 0
10780, 10050, 0
10781, 10050, 0
10782, 10050, 0
10783, 10050, 0
10784, 10050, 0
10785, 10050, 0
10786, 10050, 0
10787, 10050, 0
10788, 10050, 0
10789, 10050, 0
10790, 10050, 0
10791, 10050, 0
10792, 10050, 0
10793, 10050, 0
10794, 10050, 0
10795, 10050, 0
10796, 10050, 0
10797, 10050, 0
10798, 10050, 0
10799, 10050, 0
10800, 10050, 0
10801, 10050, 0
10802, 10050, 0
10803, 10050, 0
10804, 10050, 0
10805, 10050, 0
10806, 10050, 0
10807, 10050, 0
10808, 10050, 0
10809, 10050, 0
10810, 10050, 0
10811, 10050, 0
10812, 10050, 0
10813, 10050, 0
10814, 10050, 0
10815, 10050, 0
10816, 10050, 0
10817, 10050, 0
10818, 10050, 0
10819, 10050, 0
10820, 10050, 0
10821, 10050, 0
10822, 10050, 0
10823, 10050, 0
10824, 10050, 0
10825, 10050, 0
10826, 10050, 0
10827, 10050, 0
10828, 10050, 0
10829, 10050, 0
10830, 10050, 0
10831, 10050, 0
10832, 10050, 0
10833, 10050, 0
10834, 10050, 0
10835, 10050, 0
10836, 10050, 0
10837, 10050, 0
10838, 10050, 0
10839, 10050, 0
10840, 10050, 0
10841, 10050, 0
10842, 10050, 0
10843, 10050, 0
10844, 10050, 0
10845, 10050, 0
10846, 10050, 0
10847, 10050, 0
10848, 10050, 0
10849, 10050, 0
10850, 10050, 0
10851, 10050, 0
10852, 10050, 0
10853, 10050, 0
10854, 10050, 0
10855, 10050, 0
10856, 10050, 0
10857, 10050, 0
10858, 10050, 0
10859, 10050, 0
10860, 10050, 0
10861, 10050, 0
10862, 10050, 0
10863, 10050, 0
10864, 10050, 0
10865, 10050, 0
10866, 10050, 0
10867, 10050, 0
10868, 10050, 0
10869, 10050, 0
10870, 10050, 0
10871, 10050, 0
10872, 10050, 0
10873, 10050, 0
10874, 10050, 0
10875, 10050, 0
10876, 10050, 0
10877, 10050, 0
10878, 10050, 0
10879, 10050, 0
10880, 10050, 0
10881, 10050, 0
10882, 10050, 0
10883, 10050, 0
10884, 10050, 0
10885, 10050, 0
10886, 10050, 0
10887, 10050, 0
10888, 10050, 0
10889, 10050, 0
10890, 10050, 0
10891, 10050, 0
10892, 10050, 0
10893, 10050, 0
10894, 10050, 0
10895, 10050, 0
10896, 10050, 0
10897, 10050, 0
10898, 10050, 0
10899, 10050, 0
10900, 10050, 0
10901, 10050, 0
10902, 10050, 0
10903, 10050, 0
10904, 10050, 0
10905, 10050, 0
10906, 10050, 0
10907, 10050, 0
10908, 10050, 0
10909, 10050, 0
10910, 10050, 0
10911, 10050, 0
10912, 10050, 0
10913, 10050, 0
10914, 10050, 0
10915, 10050, 0
10916, 10050, 0
10917, 10050, 0
10918, 10050, 0
10919, 10050, 0
10920, 10050, 0
10921, 10050, 0
10922, 10050, 0
10923, 10050, 0
10924, 10050, 0
10925, 10050, 0
10926, 10050, 0
10927, 10050, 0
10928, 10050, 0
10929, 10050, 0
10930, 10050, 0
10931, 10050, 0
10932, 10050, 0
10933, 10050, 0
10934, 10050, 0
10935, 10050, 0
10936, 10050, 0
10937, 10050, 0
10938, 10050, 0
10939, 10050, 0
10940, 10050, 0
10941, 10050, 0
10942, 10050, 0
10943, 10050, 0
10944, 10050, 0
10945, 10050, 0
10946, 10050, 0
10947, 10050, 0
10948, 10050, 0
10949, 10050, 0
10950, 10050, 0
10951, 10050, 0
10952, 10050, 0
10953, 10050, 0
10954, 10050, 0
10955, 10050, 0
10956, 10050, 0
10957, 10050, 0
10958, 10050, 0
10959, 10050, 0
10960, 10050, 0
10961, 10050, 0
10962, 10050, 0
10963, 10050, 0
10964, 10050, 0
10965, 10050, 0
10966, 10050, 0
10967, 10050, 0
10968, 10050, 0
10969, 10050, 0
10970, 10050, 0
10971, 10050, 0
10972, 10050, 0
10973, 10050, 0
10974, 10050, 0
10975, 10050, 0
10976, 10050, 0
10977, 10050, 0
10978, 10050, 0
10979, 10050, 0
10980, 10050, 0
10981, 10050, 0
10982, 10050, 0
10983, 10050, 0
10984, 10050, 0
10985, 10050, 0
10986, 10050, 0
10987, 10050, 0
10988, 10050, 0
10989, 10050, 0
10990, 10050, 0
10991, 10050, 0
10992, 10050, 0
10993, 10050, 0
10994, 10050, 0
10995, 10050, 0
10996, 10050, 0
10997, 10050, 0
10998, 10050, 0
10999, 10050, 0
11000, 10050, 0
11000, 10050, 1
10000, 10100, 1
10000, 10100, 0
10001, 10100, 0
10002, 10100, 0
10003, 10100, 0
10004, 10100, 0
10005, 10100, 0
10006, 10100, 0
10007, 10100, 0
10008, 10100, 0
10009, 10100, 0
10010, 10100, 0
10011, 10100, 0
10012, 10100, 0
10013, 10100, 0
10014, 10100, 0
10015, 10100, 0
10016, 10100, 0
10017, 10100, 0
10018, 10100, 0
10019, 10100, 0
10020, 10100, 0
10021, 10100, 0
10022, 10100, 0
10023, 10100, 0
10024, 10100, 0
10025, 10100, 0
10026, 10100, 0
10027, 10100, 0
10028, 10100, 0
10029, 10100, 0
10030, 10100, 0
10031, 10100, 0
10032, 10100, 0
10033, 10100, 0
10034, 10100, 0
10035, 10100, 0
10036, 10100, 0
10037, 10100, 0
10038, 10100, 0
10039, 10100, 0
10040, 10100, 0
10041, 10100, 0
10042, 10100, 0
10043, 10100, 0
10044, 10100, 0
10045, 10100, 0
10046, 10100, 0
10047, 10100, 0
10048, 10100, 0
10049, 10100, 0
10050, 10100, 0
10051, 10100, 0
10052, 10100, 0
10053, 10100, 0
10054, 10100, 0
10055, 10100, 0
10056, 10100, 0
10057, 10100, 0
10058, 10100, 0
10059, 10100, 0
10060, 10100, 0
10061, 10100, 0
10062, 10100, 0
10063, 10100, 0
10064, 10100, 0
10065, 10100, 0
10066, 10100, 0
10067, 10100, 0
10068, 10100, 0
10069, 10100, 0
10070, 10100, 0
10071, 10100, 0
10072, 10100, 0
10073, 10100, 0
10074, 10100, 0
10075, 10100, 0
10076, 10100, 0
10077, 10100, 0
10078, 10100, 0
10079, 10100, 0
10080, 10100, 0
10081, 10100, 0
10082, 10100, 0
10083, 10100, 0
10084, 10100, 0
10085, 10100, 0
10086, 10100, 0
10087, 10100, 0
10088, 10100, 0
10089, 10100, 0
10090, 10100, 0
10091, 10100, 0
10092, 10100, 0
10093, 10100, 0
10094, 10100, 0
10095, 10100, 0
10096, 10100, 0
10097, 10100, 0
10098, 10100, 0
10099, 10100, 0
10100, 10100, 0
10101, 10100, 0
10102, 10100, 0
10103, 10100, 0
10104, 10100, 0
10105, 10100, 0
10106, 10100, 0
10107, 10100, 0
10108, 10100, 0
10109, 10100, 0
10110, 10100, 0
10111, 10100, 0
10112, 10100, 0
10113, 10100, 0
10114, 10100, 0
10115, 10100, 0
10116, 10100, 0
10117, 10100, 0
10118, 10100, 0
10119, 10100, 0
10120, 10100, 0
10121, 10100, 0
10122, 10100, 0
10123, 10100, 0
10124, 10100, 0
10125, 10100, 0
10126, 10100, 0
10127, 10100, 0
10128, 10100, 0
10129, 10100, 0
10130, 10100, 0
10131, 10100, 0
10132, 10100, 0
10133, 10100, 0
10134, 10100, 0
10135, 10100, 0
10136, 10100, 0
10137, 10100, 0
10138, 10100, 0
10139, 10100, 0
10140, 10100, 0
10141, 10100, 0
10142, 10100, 0
10143, 10100, 0
10144, 10100, 0
10145, 10100, 0
10146, 10100, 0
10147, 10100, 0
10148, 10100, 0
10149, 10100, 0
10150, 10100, 0
10151, 10100, 0
10152, 10100, 0
10153, 10100, 0
10154, 10100, 0
10155, 10100, 0
10156, 10100, 0
10157, 10100, 0
10158, 10100, 0
10159, 10100, 0
10160, 10100, 0
10161, 10100, 0
10162, 10100, 0
10163, 10100, 0
10164, 10100, 0
10165, 10100, 0
10166, 10100, 0
10167, 10100, 0
10168, 10100, 0
10169, 10100, 0
10170, 10100, 0
10171, 10100, 0
10172, 10100, 0
10173, 10100, 0
10174, 10100, 0
10175, 10100, 0
10176, 10100, 0
10177, 10100, 0
10178, 10100, 0
10179, 10100, 0
10180, 10100, 0
10181, 10100, 0
10182, 10100, 0
10183, 10100, 0
10184, 10100, 0
10185, 10100, 0
10186, 10100, 0
10187, 10100, 0
10188, 10100, 0
10189, 10100, 0
10190, 10100, 0
10191, 10100, 0
10192, 10100, 0
10193, 10100, 0
10194, 10100, 0
10195, 10100, 0
10196, 10100, 0
10197, 10100, 0
10198, 10100, 0
10199, 10100, 0
10200, 10100, 0
10201, 10100, 0
10202, 10100, 0
10203, 10100, 0
10204, 10100, 0
10205, 10100, 0
10206, 10100, 0
10207, 10100, 0
10208, 10100, 0
10209, 10100, 0
10210, 10100, 0
10211, 10100, 0
10212, 10100, 0
10213, 10100, 0
10214, 10100, 0
10215, 10100, 0
10216, 10100, 0
10217, 10100, 0
10218, 10100, 0
10219, 10100, 0
10220, 10100, 0
10221, 10100, 0
10222, 10100, 0
10223, 10100, 0
10224, 10100, 0
10225, 10100, 0
10226, 10100, 0
10227, 10100, 0
10228, 10100, 0
10229, 10100, 0
10230, 10100, 0
10231, 10100, 0
10232, 10100, 0
10233, 10100, 0
10234, 10100, 0
10235, 10100, 0
10236, 10100, 0
10237, 10100, 0
10238, 10100, 0
10239, 10100, 0
10240, 10100, 0
10241, 10100, 0
10242, 10100, 0
10243, 10100, 0
10244, 10100, 0
10245, 10100, 0
10246, 10100, 0
10247, 10100, 0
10248, 10100, 0
10249, 10100, 0
10250, 10100, 0
10251, 10100, 0
10252, 10100, 0
10253, 10100, 0
10254, 10100, 0
10255, 10100, 0
10256, 10100, 0
10257, 10100, 0
10258, 10100, 0
10259, 10100, 0
10260, 10100, 0
10261, 10100, 0
10262, 10100, 0
10263, 10100, 0
10264, 10100, 0
10265, 10100, 0
10266, 10100, 0
10267, 10100, 0
10268, 10100, 0
10269, 10100, 0
10270, 10100, 0
10271, 10100, 0
10272, 10100, 0
10273, 10100, 0
10274, 10100, 0
10275, 10100, 0
10276, 10100, 0
10277, 10100, 0
10278, 10100, 0
10279, 10100, 0
10280, 10100, 0
10281, 10100, 0
10282, 10100, 0
10283, 10100, 0
10284, 10100, 0
10285, 10100, 0
10286, 10100, 0
10287, 10100, 0
10288, 10100, 0
10289, 10100, 0
10290, 10100, 0
10291, 10100, 0
10292, 10100, 0
10293, 10100, 0
10294, 10100, 0
10295, 10100, 0
10296, 10100, 0
10297, 10100, 0
10298, 10100, 0
10299, 10100, 0
10300, 10100, 0
10301, 10100, 0
10302, 10100, 0
10303, 10100, 0
10304, 10100, 0
10305, 10100, 0
10306, 10100, 0
10307, 10100, 0
10308, 10100, 0
10309, 10100, 0
10310, 10100, 0
10311, 10100, 0
10312, 10100, 0
10313, 10100, 0
10314, 10100, 0
10315, 10100, 0
10316, 10100, 0
10317, 10100, 0
10318, 10100, 0
10319, 10100, 0
10320, 10100, 0
10321, 10100, 0
10322, 10100, 0
10323, 10100, 0
10324, 10100, 0
10325, 10100, 0
10326, 10100, 0
10327, 10100, 0
10328, 10100, 0
10329, 10100, 0
10330, 10100, 0
10331, 10100, 0
10332, 10100, 0
10333, 10100, 0
10334, 10100, 0
10335, 10100, 0
10336, 10100, 0
10337, 10100, 0
10338, 10100, 0
10339, 10100, 0
10340, 10100, 0
10341, 10100, 0
10342, 10100, 0
10343, 10100, 0
10344, 10100, 0
10345, 10100, 0
10346, 10100, 0
10347, 10100, 0
10348, 10100, 0
10349, 10100, 0
10350, 10100, 0
10351, 10100, 0
10352, 10100, 0
10353, 10100, 0
10354, 10100, 0
10355, 10100, 0
10356, 10100, 0
10357, 10100, 0
10358, 10100, 0
10359, 10100, 0
10360, 10100, 0
10361, 10100, 0
10362, 10100, 0
10363, 10100, 0
10364, 10100, 0
10365, 10100, 0
10366, 10100, 0
10367, 10100, 0
10368, 10100, 0
10369, 10100, 0
10370, 10100, 0
10371, 10100, 0
10372, 10100, 0
10373, 10100, 0
10374, 10100, 0
10375, 10100, 0
10376, 10100, 0
10377, 10100, 0
10378, 10100, 0
10379, 10100, 0
10380, 10100, 0
10381, 10100, 0
10382, 10100, 0
10383, 10100, 0
10384, 10100, 0
10385, 10100, 0
10386, 10100, 0
10387, 10100, 0
10388, 10100, 0
10389, 10100, 0
10390, 10100, 0
10391, 10100, 0
10392, 10100, 0
10393, 10100, 0
10394, 10100, 0
10395, 10100, 0
10396, 10100, 0
10397, 10100, 0
10398, 10100, 0
10399, 10100, 0
10400, 10100, 0
10401, 10100, 0
10402, 10100, 0
10403, 10100, 0
10404, 10100, 0
10405, 10100, 0
10406, 10100, 0
10407, 10100, 0
10408, 10100, 0
10409, 10100, 0
10410, 10100, 0
10411, 10100, 0
10412, 10100, 0
10413, 10100, 0
10414, 10100, 0
10415, 10100, 0
10416, 10100, 0
10417, 10100, 0
10418, 10100, 0
10419, 10100, 0
10420, 10100, 0
10421, 10100, 0
10422, 10100, 0
10423, 10100, 0
10424, 10100, 0
10425, 10100, 0
10426, 10100, 0
10427, 10100, 0
10428, 10100, 0
10429, 10100, 0
10430, 10100, 0
10431, 10100, 0
10432, 10100, 0
10433, 10100, 0
10434, 10100, 0
10435, 10100, 0
10436, 10100, 0
10437, 10100, 0
10438, 10100, 0
10439, 10100, 0
10440, 10100, 0
10441, 10100, 0
10442, 10100, 0
10443, 10100, 0
10444, 10100, 0
10445, 10100, 0
10446, 10100, 0
10447, 10100, 0
10448, 10100, 0
10449, 10100, 0
10450, 10100, 0
10451, 10100, 0
10452, 10100, 0
10453, 10100, 0
10454, 10100, 0
10455, 10100, 0
10456, 10100, 0
10457, 10100, 0
10458, 10100, 0
10459, 10100, 0
10460, 10100, 0
10461, 10100, 0
10462, 10100, 0
10463, 10100, 0
10464, 10100, 0
10465, 10100, 0
10466, 10100, 0
10467, 10100, 0
10468, 10100, 0
10469, 10100, 0
10470, 10100, 0
10471, 10100, 0
10472, 10100, 0
10473, 10100, 0
10474, 10100, 0
10475, 10100, 0
10476, 10100, 0
10477, 10100, 0
10478, 10100, 0
10479, 10100, 0
10480, 10100, 0
10481, 10100, 0
10482, 10100, 0
10483, 10100, 0
10484, 10100, 0
10485, 10100, 0
10486, 10100, 0
10487, 10100, 0
10488, 10100, 0
10489, 10100, 0
10490, 10100, 0
10491, 10100, 0
10492, 10100, 0
10493, 10100, 0
10494, 10100, 0
10495, 10100, 0
10496, 10100, 0
10497, 10100, 0
10498, 10100, 0
10499, 10100, 0
10500, 10100, 0
10501, 10100, 0
10502, 10100, 0
10503, 10100, 0
10504, 10100, 0
10505, 10100, 0
10506, 10100, 0
10507, 10100, 0
10508, 10100, 0
10509, 10100, 0
10510, 10100, 0
10511, 10100, 0
10512, 10100, 0
10513, 10100, 0
10514, 10100, 0
10515, 10100, 0
10516, 10100, 0
10517, 10100, 0
10518, 10100, 0
10519, 10100, 0
10520, 10100, 0
10521, 10100, 0
10522, 10100, 0
10523, 10100, 0
10524, 10100, 0
10525, 10100, 0
10526, 10100, 0
10527, 10100, 0
10528, 10100, 0
10529, 10100, 0
10530, 10100, 0
10531, 10100, 0
10532, 10100, 0
10533, 10100, 0
10534, 10100, 0
10535, 10100, 0
10536, 10100, 0
10537, 10100, 0
10538, 10100, 0
10539, 10100, 0
10540, 10100, 0
10541, 10100, 0
10542, 10100, 0
10543, 10100, 0
10544, 10100, 0
10545, 10100, 0
10546, 10100, 0
10547, 10100, 0
10548, 10100, 0
10549, 10100, 0
10550, 10100, 0
10551, 10100, 0
10552, 10100, 0
10553, 10100, 0
10554, 10100, 0
10555, 10100, 0
10556, 10100, 0
10557, 10100, 0
10558, 10100, 0
10559, 10100, 0
10560, 10100, 0
10561, 10100, 0
10562, 10100, 0
10563, 10100, 0
10564, 10100, 0
10565, 10100, 0
10566, 10100, 0
10567, 10100, 0
10568, 10100, 0
10569, 10100, 0
10570, 10100, 0
10571, 10100, 0
10572, 10100, 0
10573, 10100, 0
10574, 10100, 0
10575, 10100, 0
10576, 10100, 0
10577, 10100, 0
10578, 10100, 0
10579, 10100, 0
10580, 10100, 0
10581, 10100, 0
10582, 10100, 0
10583, 10100, 0
10584, 10100, 0
10585, 10100, 0
10586, 10100, 0
10587, 10100, 0
10588, 10100, 0
10589, 10100, 0
10590, 10100, 0
10591, 10100, 0
10592, 10100, 0
10593, 10100, 0
10594, 10100, 0
10595, 10100, 0
10596, 10100, 0
10597, 10100, 0
10598, 10100, 0
10599, 10100, 0
10600, 10100, 0
10601, 10100, 0
10602, 10100, 0
10603, 10100, 0
10604, 10100, 0
10605, 10100, 0
10606, 10100, 0
10607, 10100, 0
10608, 10100, 0
10609, 10100, 0
10610, 10100, 0
10611, 10100, 0
10612, 10100, 0
10613, 10100, 0
10614, 10100, 0
10615, 10100, 0
10616, 10100, 0
10617, 10100, 0
10618, 10100, 0
10619, 10100, 0
10620, 10100, 0
10621, 10100, 0
10622, 10100, 0
10623, 10100, 0
10624, 10100, 0
10625, 10100, 0
10626, 10100, 0
10627, 10100, 0
10628, 10100, 0
10629, 10100, 0
10630, 10100, 0
10631, 10100, 0
10632, 10100, 0
10633, 10100, 0
10634, 10100, 0
10635, 10100, 0
10636, 10100, 0
10637, 10100, 0
10638, 10100, 0
10639, 10100, 0
10640, 10100, 0
10641, 10100, 0
10642, 10100, 0
10643, 10100, 0
10644, 10100, 0
10645, 10100, 0
10646, 10100, 0
10647, 10100, 0
10648, 10100, 0
10649, 10100, 0
10650, 10100, 0
10651, 10100, 0
10652, 10100, 0
10653, 10100, 0
10654, 10100, 0
10655, 10100, 0
10656, 10100, 0
10657, 10100, 0
10658, 10100, 0
10659, 10100, 0
10660, 10100, 0
10661, 10100, 0
10662, 10100, 0
10663, 10100, 0
10664, 10100, 0
10665, 10100, 0
10666, 10100, 0
10667, 10100, 0
10668, 10100, 0
10669, 10100, 0
10670, 10100, 0
10671, 10100, 0
10672, 10100, 0
10673, 10100, 0
10674, 10100, 0
10675, 10100, 0
10676, 10100, 0
10677, 10100, 0
10678, 10100, 0
10679, 10100, 0
10680, 10100, 0
10681, 10100, 0
10682, 10100, 0
10683, 10100, 0
10684, 10100, 0
10685, 10100, 0
10686, 10100, 0
10687, 10100, 0
10688, 10100, 0
10689, 10100, 0
10690, 10100, 0
10691, 10100, 0
10692, 10100, 0
10693, 10100, 0
10694, 10100, 0
10695, 10100, 0
10696, 10100, 0
10697, 10100, 0
10698, 10100, 0
10699, 10100, 0
10700, 10100, 0
10701, 10100, 0
10702, 10100, 0
10703, 10100, 0
10704, 10100, 0
10705, 10100, 0
10706, 10100, 0
10707, 10100, 0
10708, 10100, 0
10709, 10100, 0
10710, 10100, 0
10711, 10100, 0
10712, 10100, 0
10713, 10100, 0
10714, 10100, 0
10715, 10100, 0
10716, 10100, 0
10717, 10100, 0
10718, 10100, 0
10719, 10100, 0
10720, 10100, 0
10721, 10100, 0
10722, 10100, 0
10723, 10100, 0
10724, 10100, 0
10725, 10100, 0
10726, 10100, 0
10727, 10100, 0
10728, 10100, 0
10729, 10100, 0
10730, 10100, 0
10731, 10100, 0
10732, 10100, 0
10733, 10100, 0
10734, 10100, 0
10735, 10100, 0
10736, 10100, 0
10737, 10100, 0
10738, 10100, 0
10739, 10100, 0
10740, 10100, 0
10741, 10100, 0
10742, 10100, 0
10743, 10100, 0
10744, 10100, 0
10745, 10100, 0
10746, 10100, 0
10747, 10100, 0
10748, 10100, 0
10749, 10100, 0
10750, 10100, 0
10751, 10100, 0
10752, 10100, 0
10753, 10100, 0
10754, 10100, 0
10755, 10100, 0
10756, 10100, 0
10757, 10100, 0
10758, 10100, 0
10759, 10100, 0
10760, 10100, 0
10761, 10100, 0
10762, 10100, 0
10763, 10100, 0
10764, 10100, 0
10765, 10100, 0
10766, 10100, 0
10767, 10100, 0
10768, 10100, 0
10769, 10100, 0
10770, 10100, 0
10771, 10100, 0
10772, 10100, 0
10773, 10100, 0
10774, 10100, 0
10775, 10100, 0
10776, 10100, 0
10777, 10100, 0
10778, 10100, 0
10779, 10100, 0
10780, 10100, 0
10781, 10100, 0
10782, 10100, 0
10783, 10100, 0
10784, 10100, 0
10785, 10100, 0
10786, 10100, 0
10787, 10100, 0
10788, 10100, 0
10789, 10100, 0
10790, 10100, 0
10791, 10100, 0
10792, 10100, 0
10793, 10100, 0
10794, 10100, 0
10795, 10100, 0
10796, 10100, 0
10797, 10100, 0
10798, 10100, 0
10799, 10100, 0
10800, 10100, 0
10801, 10100, 0
10802, 10100, 0
10803, 10100, 0
10804, 10100, 0
10805, 10100, 0
10806, 10100, 0
10807, 10100, 0
10808, 10100, 0
10809, 10100, 0
10810, 10100, 0
10811, 10100, 0
10812, 10100, 0
10813, 10100, 0
10814, 10100, 0
10815, 10100, 0
10816, 10100, 0
10817, 10100, 0
10818, 10100, 0
10819, 10100, 0
10820, 10100, 0
10821, 10100, 0
10822, 10100, 0
10823, 10100, 0
10824, 10100, 0
10825, 10100, 0
10826, 10100, 0
10827, 10100, 0
10828, 10100, 0
10829, 10100, 0
10830, 10100, 0
10831, 10100, 0
10832, 10100, 0
10833, 10100, 0
10834, 10100, 0
10835, 10100, 0
10836, 10100, 0
10837, 10100, 0
10838, 10100, 0
10839, 10100, 0
10840, 10100, 0
10841, 10100, 0
10842, 10100, 0
10843, 10100, 0
10844, 10100, 0
10845, 10100, 0
10846, 10100, 0
10847, 10100, 0
10848, 10100, 0
10849, 10100, 0
10850, 10100, 0
10851, 10100, 0
10852, 10100, 0
10853, 10100, 0
10854, 10100, 0
10855, 10100, 0
10856, 10100, 0
10857, 10100, 0
10858, 10100, 0
10859, 10100, 0
10860, 10100, 0
10861, 10100, 0
10862, 10100, 0
10863, 10100, 0
10864, 10100, 0
10865, 10100, 0
10866, 10100, 0
10867, 10100, 0
10868, 10100, 0
10869, 10100, 0
10870, 10100, 0
10871, 10100, 0
10872, 10100, 0
10873, 10100, 0
10874, 10100, 0
10875, 10100, 0
10876, 10100, 0
10877, 10100, 0
10878, 10100, 0
10879, 10100, 0
10880, 10100, 0
10881, 10100, 0
10882, 10100, 0
10883, 10100, 0
10884, 10100, 0
10885, 10100, 0
10886, 10100, 0
10887, 10100, 0
10888, 10100, 0
10889, 10100, 0
10890, 10100, 0
10891, 10100, 0
10892, 10100, 0
10893, 10100, 0
10894, 10100, 0
10895, 10100, 0
10896, 10100, 0
10897, 10100, 0
10898, 10100, 0
10899, 10100, 0
10900, 10100, 0
10901, 10100, 0
10902, 10100, 0
10903, 10100, 0
10904, 10100, 0
10905, 10100, 0
10906, 10100, 0
10907, 10100, 0
10908, 10100, 0
10909, 10100, 0
10910, 10100, 0
10911, 10100, 0
10912, 10100, 0
10913, 10100, 0
10914, 10100, 0
10915, 10100, 0
10916, 10100, 0
10917, 10100, 0
10918, 10100, 0
10919, 10100, 0
10920, 10100, 0
10921, 10100, 0
10922, 10100, 0
10923, 10100, 0
10924, 10100, 0
10925, 10100, 0
10926, 10100, 0
10927, 10100, 0
10928, 10100, 0
10929, 10100, 0
10930, 10100, 0
10931, 10100, 0
10932, 10100, 0
10933, 10100, 0
10934, 10100, 0
10935, 10100, 0
10936, 10100, 0
10937, 10100, 0
10938, 10100, 0
10939, 10100, 0
10940, 10100, 0
10941, 10100, 0
10942, 10100, 0
10943, 10100, 0
10944, 10100, 0
10945, 10100, 0
10946, 10100, 0
10947, 10100, 0
10948, 10100, 0
10949, 10100, 0
10950, 10100, 0
10951, 10100, 0
10952, 10100, 0
10953, 10100, 0
10954, 10100, 0
10955, 10100, 0
10956, 10100, 0
10957, 10100, 0
10958, 10100, 0
10959, 10100, 0
10960, 10100, 0
10961, 10100, 0
10962, 10100, 0
10963, 10100, 0
10964, 10100, 0
10965, 10100, 0
10966, 10100, 0
10967, 10100, 0
10968, 10100, 0
10969, 10100, 0
10970, 10100, 0
10971, 10100, 0
10972, 10100, 0
10973, 10100, 0
10974, 10100, 0
10975, 10100, 0
10976, 10100, 0
10977, 10100, 0
10978, 10100, 0
10979, 10100, 0
10980, 10100, 0
10981, 10100, 0
10982, 10100, 0
10983, 10100, 0
10984, 10100, 0
10985, 10100, 0
10986, 10100, 0
10987, 10100, 0
10988, 10100, 0
10989, 10100, 0
10990, 10100, 0
10991, 10100, 0
10992, 10100, 0
10993, 10100, 0
10994, 10100, 0
10995, 10100, 0
10996, 10100, 0
10997, 10100, 0
10998, 10100, 0
10999, 10100, 0
11000, 10100, 0
11000, 10100, 1
10000, 10200, 1
10000, 10200, 0
10001, 10200, 0
10002, 10200, 0
10003, 10200, 0
10004, 10200, 0
10005, 10200, 0
10006, 10200, 0
10007, 10200, 0
10008, 10200, 0
10009, 10200, 0
10010, 10200, 0
10011, 10200, 0
10012, 10200, 0
10013, 10200, 0
10014, 10200, 0
10015, 10200, 0
10016, 10200, 0
10017, 10200, 0
10018, 10200, 0
10019, 10200, 0
10020, 10200, 0
10021, 10200, 0
10022, 10200, 0
10023, 10200, 0
10024, 10200, 0
10025, 10200, 0
10026, 10200, 0
10027, 10200, 0
10028, 10200, 0
10029, 10200, 0
10030, 10200, 0
10031, 10200, 0
10032, 10200, 0
10033, 10200, 0
10034, 10200, 0
10035, 10200, 0
10036, 10200, 0
10037, 10200, 0
10038, 10200, 0
10039, 10200, 0
10040, 10200, 0
10041, 10200, 0
10042, 10200, 0
10043, 10200, 0
10044, 10200, 0
10045, 10200, 0
10046, 10200, 0
10047, 10200, 0
10048, 10200, 0
10049, 10200, 0
10050, 10200, 0
10051, 10200, 0
10052, 10200, 0
10053, 10200, 0
10054, 10200, 0
10055, 10200, 0
10056, 10200, 0
10057, 10200, 0
10058, 10200, 0
10059, 10200, 0
10060, 10200, 0
10061, 10200, 0
10062, 10200, 0
10063, 10200, 0
10064, 10200, 0
10065, 10200, 0
10066, 10200, 0
10067, 10200, 0
10068, 10200, 0
10069, 10200, 0
10070, 10200, 0
10071, 10200, 0
10072, 10200, 0
10073, 10200, 0
10074, 10200, 0
10075, 10200, 0
10076, 10200, 0
10077, 10200, 0
10078, 10200, 0
10079, 10200, 0
10080, 10200, 0
10081, 10200, 0
10082, 10200, 0
10083, 10200, 0
10084, 10200, 0
10085, 10200, 0
10086, 10200, 0
10087, 10200, 0
10088, 10200, 0
10089, 10200, 0
10090, 10200, 0
10091, 10200, 0
10092, 10200, 0
10093, 10200, 0
10094, 10200, 0
10095, 10200, 0
10096, 10200, 0
10097, 10200, 0
10098, 10200, 0
10099, 10200, 0
10100, 10200, 0
10101, 10200, 0
10102, 10200, 0
10103, 10200, 0
10104, 10200, 0
10105, 10200, 0
10106, 10200, 0
10107, 10200, 0
10108, 10200, 0
10109, 10200, 0
10110, 10200, 0
10111, 10200, 0
10112, 10200, 0
10113, 10200, 0
10114, 10200, 0
10115, 10200, 0
10116, 10200, 0
10117, 10200, 0
10118, 10200, 0
10119, 10200, 0
10120, 10200, 0
10121, 10200, 0
10122, 10200, 0
10123, 10200, 0
10124, 10200, 0
10125, 10200, 0
10126, 10200, 0
10127, 10200, 0
10128, 10200, 0
10129, 10200, 0
10130, 10200, 0
10131, 10200, 0
10132, 10200, 0
10133, 10200, 0
10134, 10200, 0
10135, 10200, 0
10136, 10200, 0
10137, 10200, 0
10138, 10200, 0
10139, 10200, 0
10140, 10200, 0
10141, 10200, 0
10142, 10200, 0
10143, 10200, 0
10144, 10200, 0
10145, 10200, 0
10146, 10200, 0
10147, 10200, 0
10148, 10200, 0
10149, 10200, 0
10150, 10200, 0
10151, 10200, 0
10152, 10200, 0
10153, 10200, 0
10154, 10200, 0
10155, 10200, 0
10156, 10200, 0
10157, 10200, 0
10158, 10200, 0
10159, 10200, 0
10160, 10200, 0
10161, 10200, 0
10162, 10200, 0
10163, 10200, 0
10164, 10200, 0
10165, 10200, 0
10166, 10200, 0
10167, 10200, 0
10168, 10200, 0
10169, 10200, 0
10170, 10200, 0
10171, 10200, 0
10172, 10200, 0
10173, 10200, 0
10174, 10200, 0
10175, 10200, 0
10176, 10200, 0
10177, 10200, 0
10178, 10200, 0
10179, 10200, 0
10180, 10200, 0
10181, 10200, 0
10182, 10200, 0
10183, 10200, 0
10184, 10200, 0
10185, 10200, 0
10186, 10200, 0
10187, 10200, 0
10188, 10200, 0
10189, 10200, 0
10190, 10200, 0
10191, 10200, 0
10192, 10200, 0
10193, 10200, 0
10194, 10200, 0
10195, 10200, 0
10196, 10200, 0
10197, 10200, 0
10198, 10200, 0
10199, 10200, 0
10200, 10200, 0
10201, 10200, 0
10202, 10200, 0
10203, 10200, 0
10204, 10200, 0
10205, 10200, 0
10206, 10200, 0
10207, 10200, 0
10208, 10200, 0
10209, 10200, 0
10210, 10200, 0
10211, 10200, 0
10212, 10200, 0
10213, 10200, 0
10214, 10200, 0
10215, 10200, 0
10216, 10200, 0
10217, 10200, 0
10218, 10200, 0
10219, 10200, 0
10220, 10200, 0
10221, 10200, 0
10222, 10200, 0
10223, 10200, 0
10224, 10200, 0
10225, 10200, 0
10226, 10200, 0
10227, 10200, 0
10228, 10200, 0
10229, 10200, 0
10230, 10200, 0
10231, 10200, 0
10232, 10200, 0
10233, 10200, 0
10234, 10200, 0
10235, 10200, 0
10236, 10200, 0
10237, 10200, 0
10238, 10200, 0
10239, 10200, 0
10240, 10200, 0
10241, 10200, 0
10242, 10200, 0
10243, 10200, 0
10244, 10200, 0
10245, 10200, 0
10246, 10200, 0
10247, 10200, 0
10248, 10200, 0
10249, 10200, 0
10250, 10200, 0
10251, 10200, 0
10252, 10200, 0
10253, 10200, 0
10254, 10200, 0
10255, 10200, 0
10256, 10200, 0
10257, 10200, 0
10258, 10200, 0
10259, 10200, 0
10260, 10200, 0
10261, 10200, 0
10262, 10200, 0
10263, 10200, 0
10264, 10200, 0
10265, 10200, 0
10266, 10200, 0
10267, 10200, 0
10268, 10200, 0
10269, 10200, 0
10270, 10200, 0
10271, 10200, 0
10272, 10200, 0
10273, 10200, 0
10274, 10200, 0
10275, 10200, 0
10276, 10200, 0
10277, 10200, 0
10278, 10200, 0
10279, 10200, 0
10280, 10200, 0
10281, 10200, 0
10282, 10200, 0
10283, 10200, 0
10284, 10200, 0
10285, 10200, 0
10286, 10200, 0
10287, 10200, 0
10288, 10200, 0
10289, 10200, 0
10290, 10200, 0
10291, 10200, 0
10292, 10200, 0
10293, 10200, 0
10294, 10200, 0
10295, 10200, 0
10296, 10200, 0
10297, 10200, 0
10298, 10200, 0
10299, 10200, 0
10300, 10200, 0
10301, 10200, 0
10302, 10200, 0
10303, 10200, 0
10304, 10200, 0
10305, 10200, 0
10306, 10200, 0
10307, 10200, 0
10308, 10200, 0
10309, 10200, 0
10310, 10200, 0
10311, 10200, 0
10312, 10200, 0
10313, 10200, 0
10314, 10200, 0
10315, 10200, 0
10316, 10200, 0
10317, 10200, 0
10318, 10200, 0
10319, 10200, 0
10320, 10200, 0
10321, 10200, 0
10322, 10200, 0
10323, 10200, 0
10324, 10200, 0
10325, 10200, 0
10326, 10200, 0
10327, 10200, 0
10328, 10200, 0
10329, 10200, 0
10330, 10200, 0
10331, 10200, 0
10332, 10200, 0
10333, 10200, 0
10334, 10200, 0
10335, 10200, 0
10336, 10200, 0
10337, 10200, 0
10338, 10200, 0
10339, 10200, 0
10340, 10200, 0
10341, 10200, 0
10342, 10200, 0
10343, 10200, 0
10344, 10200, 0
10345, 10200, 0
10346, 10200, 0
10347, 10200, 0
10348, 10200, 0
10349, 10200, 0
10350, 10200, 0
10351, 10200, 0
10352, 10200, 0
10353, 10200, 0
10354, 10200, 0
10355, 10200, 0
10356, 10200, 0
10357, 10200, 0
10358, 10200, 0
10359, 10200, 0
10360, 10200, 0
10361, 10200, 0
10362, 10200, 0
10363, 10200, 0
10364, 10200, 0
10365, 10200, 0
10366, 10200, 0
10367, 10200, 0
10368, 10200, 0
10369, 10200, 0
10370, 10200, 0
10371, 10200, 0
10372, 10200, 0
10373, 10200, 0
10374, 10200, 0
10375, 10200, 0
10376, 10200, 0
10377, 10200, 0
10378, 10200, 0
10379, 10200, 0
10380, 10200, 0
10381, 10200, 0
10382, 10200, 0
10383, 10200, 0
10384, 10200, 0
10385, 10200, 0
10386, 10200, 0
10387, 10200, 0
10388, 10200, 0
10389, 10200, 0
10390, 10200, 0
10391, 10200, 0
10392, 10200, 0
10393, 10200, 0
10394, 10200, 0
10395, 10200, 0
10396, 10200, 0
10397, 10200, 0
10398, 10200, 0
10399, 10200, 0
10400, 10200, 0
10401, 10200, 0
10402, 10200, 0
10403, 10200, 0
10404, 10200, 0
10405, 10200, 0
10406, 10200, 0
10407, 10200, 0
10408, 10200, 0
10409, 10200, 0
10410, 10200, 0
10411, 10200, 0
10412, 10200, 0
10413, 10200, 0
10414, 10200, 0
10415, 10200, 0
10416, 10200, 0
10417, 10200, 0
10418, 10200, 0
10419, 10200, 0
10420, 10200, 0
10421, 10200, 0
10422, 10200, 0
10423, 10200, 0
10424, 10200, 0
10425, 10200, 0
10426, 10200, 0
10427, 10200, 0
10428, 10200, 0
10429, 10200, 0
10430, 10200, 0
10431, 10200, 0
10432, 10200, 0
10433, 10200, 0
10434, 10200, 0
10435, 10200, 0
10436, 10200, 0
10437, 10200, 0
10438, 10200, 0
10439, 10200, 0
10440, 10200, 0
10441, 10200, 0
10442, 10200, 0
10443, 10200, 0
10444, 10200, 0
10445, 10200, 0
10446, 10200, 0
10447, 10200, 0
10448, 10200, 0
10449, 10200, 0
10450, 10200, 0
10451, 10200, 0
10452, 10200, 0
10453, 10200, 0
10454, 10200, 0
10455, 10200, 0
10456, 10200, 0
10457, 10200, 0
10458, 10200, 0
10459, 10200, 0
10460, 10200, 0
10461, 10200, 0
10462, 10200, 0
10463, 10200, 0
10464, 10200, 0
10465, 10200, 0
10466, 10200, 0
10467, 10200, 0
10468, 10200, 0
10469, 10200, 0
10470, 10200, 0
10471, 10200, 0
10472, 10200, 0
10473, 10200, 0
10474, 10200, 0
10475, 10200, 0
10476, 10200, 0
10477, 10200, 0
10478, 10200, 0
10479, 10200, 0
10480, 10200, 0
10481, 10200, 0
10482, 10200, 0
10483, 10200, 0
10484, 10200, 0
10485, 10200, 0
10486, 10200, 0
10487, 10200, 0
10488, 10200, 0
10489, 10200, 0
10490, 10200, 0
10491, 10200, 0
10492, 10200, 0
10493, 10200, 0
10494, 10200, 0
10495, 10200, 0
10496, 10200, 0
10497, 10200, 0
10498, 10200, 0
10499, 10200, 0
10500, 10200, 0
10501, 10200, 0
10502, 10200, 0
10503, 10200, 0
10504, 10200, 0
10505, 10200, 0
10506, 10200, 0
10507, 10200, 0
10508, 10200, 0
10509, 10200, 0
10510, 10200, 0
10511, 10200, 0
10512, 10200, 0
10513, 10200, 0
10514, 10200, 0
10515, 10200, 0
10516, 10200, 0
10517, 10200, 0
10518, 10200, 0
10519, 10200, 0
10520, 10200, 0
10521, 10200, 0
10522, 10200, 0
10523, 10200, 0
10524, 10200, 0
10525, 10200, 0
10526, 10200, 0
10527, 10200, 0
10528, 10200, 0
10529, 10200, 0
10530, 10200, 0
10531, 10200, 0
10532, 10200, 0
10533, 10200, 0
10534, 10200, 0
10535, 10200, 0
10536, 10200, 0
10537, 10200, 0
10538, 10200, 0
10539, 10200, 0
10540, 10200, 0
10541, 10200, 0
10542, 10200, 0
10543, 10200, 0
10544, 10200, 0
10545, 10200, 0
10546, 10200, 0
10547, 10200, 0
10548, 10200, 0
10549, 10200, 0
10550, 10200, 0
10551, 10200, 0
10552, 10200, 0
10553, 10200, 0
10554, 10200, 0
10555, 10200, 0
10556, 10200, 0
10557, 10200, 0
10558, 10200, 0
10559, 10200, 0
10560, 10200, 0
10561, 10200, 0
10562, 10200, 0
10563, 10200, 0
10564, 10200, 0
10565, 10200, 0
10566, 10200, 0
10567, 10200, 0
10568, 10200, 0
10569, 10200, 0
10570, 10200, 0
10571, 10200, 0
10572, 10200, 0
10573, 10200, 0
10574, 10200, 0
10575, 10200, 0
10576, 10200, 0
10577, 10200, 0
10578, 10200, 0
10579, 10200, 0
10580, 10200, 0
10581, 10200, 0
10582, 10200, 0
10583, 10200, 0
10584, 10200, 0
10585, 10200, 0
10586, 10200, 0
10587, 10200, 0
10588, 10200, 0
10589, 10200, 0
10590, 10200, 0
10591, 10200, 0
10592, 10200, 0
10593, 10200, 0
10594, 10200, 0
10595, 10200, 0
10596, 10200, 0
10597, 10200, 0
10598, 10200, 0
10599, 10200, 0
10600, 10200, 0
10601, 10200, 0
10602, 10200, 0
10603, 10200, 0
10604, 10200, 0
10605, 10200, 0
10606, 10200, 0
10607, 10200, 0
10608, 10200, 0
10609, 10200, 0
10610, 10200, 0
10611, 10200, 0
10612, 10200, 0
10613, 10200, 0
10614, 10200, 0
10615, 10200, 0
10616, 10200, 0
10617, 10200, 0
10618, 10200, 0
10619, 10200, 0
10620, 10200, 0
10621, 10200, 0
10622, 10200, 0
10623, 10200, 0
10624, 10200, 0
10625, 10200, 0
10626, 10200, 0
10627, 10200, 0
10628, 10200, 0
10629, 10200, 0
10630, 10200, 0
10631, 10200, 0
10632, 10200, 0
10633, 10200, 0
10634, 10200, 0
10635, 10200, 0
10636, 10200, 0
10637, 10200, 0
10638, 10200, 0
10639, 10200, 0
10640, 10200, 0
10641, 10200, 0
10642, 10200, 0
10643, 10200, 0
10644, 10200, 0
10645, 10200, 0
10646, 10200, 0
10647, 10200, 0
10648, 10200, 0
10649, 10200, 0
10650, 10200, 0
10651, 10200, 0
10652, 10200, 0
10653, 10200, 0
10654, 10200, 0
10655, 10200, 0
10656, 10200, 0
10657, 10200, 0
10658, 10200, 0
10659, 10200, 0
10660, 10200, 0
10661, 10200, 0
10662, 10200, 0
10663, 10200, 0
10664, 10200, 0
10665, 10200, 0
10666, 10200, 0
10667, 10200, 0
10668, 10200, 0
10669, 10200, 0
10670, 10200, 0
10671, 10200, 0
10672, 10200, 0
10673, 10200, 0
10674, 10200, 0
10675, 10200, 0
10676, 10200, 0
10677, 10200, 0
10678, 10200, 0
10679, 10200, 0
10680, 10200, 0
10681, 10200, 0
10682, 10200, 0
10683, 10200, 0
10684, 10200, 0
10685, 10200, 0
10686, 10200, 0
10687, 10200, 0
10688, 10200, 0
10689, 10200, 0
10690, 10200, 0
10691, 10200, 0
10692, 10200, 0
10693, 10200, 0
10694, 10200, 0
10695, 10200, 0
10696, 10200, 0
10697, 10200, 0
10698, 10200, 0
10699, 10200, 0
10700, 10200, 0
10701, 10200, 0
10702, 10200, 0
10703, 10200, 0
10704, 10200, 0
10705, 10200, 0
10706, 10200, 0
10707, 10200, 0
10708, 10200, 0
10709, 10200, 0
10710, 10200, 0
10711, 10200, 0
10712, 10200, 0
10713, 10200, 0
10714, 10200, 0
10715, 10200, 0
10716, 10200, 0
10717, 10200, 0
10718, 10200, 0
10719, 10200, 0
10720, 10200, 0
10721, 10200, 0
10722, 10200, 0
10723, 10200, 0
10724, 10200, 0
10725, 10200, 0
10726, 10200, 0
10727, 10200, 0
10728, 10200, 0
10729, 10200, 0
10730, 10200, 0
10731, 10200, 0
10732, 10200, 0
10733, 10200, 0
10734, 10200, 0
10735, 10200, 0
10736, 10200, 0
10737, 10200, 0
10738, 10200, 0
10739, 10200, 0
10740, 10200, 0
10741, 10200, 0
10742, 10200, 0
10743, 10200, 0
10744, 10200, 0
10745, 10200, 0
10746, 10200, 0
10747, 10200, 0
10748, 10200, 0
10749, 10200, 0
10750, 10200, 0
10751, 10200, 0
10752, 10200, 0
10753, 10200, 0
10754, 10200, 0
10755, 10200, 0
10756, 10200, 0
10757, 10200, 0
10758, 10200, 0
10759, 10200, 0
10760, 10200, 0
10761, 10200, 0
10762, 10200, 0
10763, 10200, 0
10764, 10200, 0
10765, 10200, 0
10766, 10200, 0
10767, 10200, 0
10768, 10200, 0
10769, 10200, 0
10770, 10200, 0
10771, 10200, 0
10772, 10200, 0
10773, 10200, 0
10774, 10200, 0
10775, 10200, 0
10776, 10200, 0
10777, 10200, 0
10778, 10200, 0
10779, 10200, 0
10780, 10200, 0
10781, 10200, 0
10782, 10200, 0
10783, 10200, 0
10784, 10200, 0
10785, 10200, 0
10786, 10200, 0
10787, 10200, 0
10788, 10200, 0
10789, 10200, 0
10790, 10200, 0
10791, 10200, 0
10792, 10200, 0
10793, 10200, 0
10794, 10200, 0
10795, 10200, 0
10796, 10200, 0
10797, 10200, 0
10798, 10200, 0
10799, 10200, 0
10800, 10200, 0
10801, 10200, 0
10802, 10200, 0
10803, 10200, 0
10804, 10200, 0
10805, 10200, 0
10806, 10200, 0 
10807, 10200, 0 
10808, 10200, 0 
10809, 10200, 0 
10810, 10200, 0 
10811, 10200, 0 
10812, 10200, 0 
10813, 10200, 0 
10814, 10200, 0 
10815, 10200, 0 
10816, 10200, 0 
10817, 10200, 0 
10818, 10200, 0 
10819, 10200, 0 
10820, 10200, 0 
10821, 10200, 0 
10822, 10200, 0 
10823, 10200, 0 
10824, 10200, 0 
10825, 10200, 0 
10826, 10200, 0 
10827, 10200, 0 
10828, 10200, 0 
10829, 10200, 0 
10830, 10200, 0 
10831, 10200, 0 
10832, 10200, 0 
10833, 10200, 0 
10834, 10200, 0 
10835, 10200, 0 
10836, 10200, 0 
10837, 10200, 0 
10838, 10200, 0 
10839, 10200, 0 
10840, 10200, 0 
10841, 10200, 0 
10842, 10200, 0 
10843, 10200, 0 
10844, 10200, 0 
10845, 10200, 0 
10846, 10200, 0 
10847, 10200, 0 
10848, 10200, 0 
10849, 10200, 0 
10850, 10200, 0 
10851, 10200, 0 
10852, 10200, 0 
10853, 10200, 0 
10854, 10200, 0 
10855, 10200, 0 
10856, 10200, 0 
10857, 10200, 0 
10858, 10200, 0 
10859, 10200, 0 
10860, 10200, 0 
10861, 10200, 0 
10862, 10200, 0 
10863, 10200, 0 
10864, 10200, 0 
10865, 10200, 0 
10866, 10200, 0 
10867, 10200, 0 
10868, 10200, 0 
10869, 10200, 0 
10870, 10200, 0 
10871, 10200, 0 
10872, 10200, 0 
10873, 10200, 0 
10874, 10200, 0 
10875, 10200, 0 
10876, 10200, 0 
10877, 10200, 0 
10878, 10200, 0 
10879, 10200, 0 
10880, 10200, 0 
10881, 10200, 0 
10882, 10200, 0 
10883, 10200, 0 
10884, 10200, 0 
10885, 10200, 0 
10886, 10200, 0 
10887, 10200, 0 
10888, 10200, 0 
10889, 10200, 0 
10890, 10200, 0 
10891, 10200, 0 
10892, 10200, 0 
10893, 10200, 0 
10894, 10200, 0 
10895, 10200, 0 
10896, 10200, 0 
10897, 10200, 0 
10898, 10200, 0 
10899, 10200, 0 
10900, 10200, 0 
10901, 10200, 0 
10902, 10200, 0 
10903, 10200, 0 
10904, 10200, 0 
10905, 10200, 0 
10906, 10200, 0 
10907, 10200, 0 
10908, 10200, 0 
10909, 10200, 0 
10910, 10200, 0 
10911, 10200, 0 
10912, 10200, 0 
10913, 10200, 0 
10914, 10200, 0 
10915, 10200, 0 
10916, 10200, 0 
10917, 10200, 0 
10918, 10200, 0 
10919, 10200, 0 
10920, 10200, 0 
10921, 10200, 0 
10922, 10200, 0 
10923, 10200, 0 
10924, 10200, 0 
10925, 10200, 0 
10926, 10200, 0 
10927, 10200, 0 
10928, 10200, 0 
10929, 10200, 0 
10930, 10200, 0 
10931, 10200, 0 
10932, 10200, 0 
10933, 10200, 0 
10934, 10200, 0 
10935, 10200, 0 
10936, 10200, 0 
10937, 10200, 0 
10938, 10200, 0 
10939, 10200, 0 
10940, 10200, 0 
10941, 10200, 0 
10942, 10200, 0 
10943, 10200, 0 
10944, 10200, 0 
10945, 10200, 0 
10946, 10200, 0 
10947, 10200, 0 
10948, 10200, 0 
10949, 10200, 0 
10950, 10200, 0 
10951, 10200, 0 
10952, 10200, 0 
10953, 10200, 0 
10954, 10200, 0 
10955, 10200, 0 
10956, 10200, 0 
10957, 10200, 0 
10958, 10200, 0 
10959, 10200, 0 
10960, 10200, 0 
10961, 10200, 0 
10962, 10200, 0 
10963, 10200, 0 
10964, 10200, 0 
10965, 10200, 0 
10966, 10200, 0 
10967, 10200, 0 
10968, 10200, 0 
10969, 10200, 0 
10970, 10200, 0 
10971, 10200, 0 
10972, 10200, 0 
10973, 10200, 0 
10974, 10200, 0 
10975, 10200, 0 
10976, 10200, 0 
10977, 10200, 0 
10978, 10200, 0 
10979, 10200, 0 
10980, 10200, 0 
10981, 10200, 0 
10982, 10200, 0 
10983, 10200, 0 
10984, 10200, 0 
10985, 10200, 0 
10986, 10200, 0 
10987, 10200, 0 
10988, 10200, 0 
10989, 10200, 0 
10990, 10200, 0 
10991, 10200, 0 
10992, 10200, 0 
10993, 10200, 0 
10994, 10200, 0 
10995, 10200, 0 
10996, 10200, 0 
10997, 10200, 0 
10998, 10200, 0 
10999, 10200, 0 
11000, 10200, 0 
11000, 10200, 1
10000, 10300, 1
10000, 10300, 0 
10001, 10300, 0 
10002, 10300, 0 
10003, 10300, 0 
10004, 10300, 0 
10005, 10300, 0 
10006, 10300, 0 
10007, 10300, 0 
10008, 10300, 0 
10009, 10300, 0 
10010, 10300, 0 
10011, 10300, 0 
10012, 10300, 0 
10013, 10300, 0 
10014, 10300, 0 
10015, 10300, 0 
10016, 10300, 0 
10017, 10300, 0 
10018, 10300, 0 
10019, 10300, 0 
10020, 10300, 0 
10021, 10300, 0 
10022, 10300, 0 
10023, 10300, 0 
10024, 10300, 0 
10025, 10300, 0 
10026, 10300, 0 
10027, 10300, 0 
10028, 10300, 0 
10029, 10300, 0 
10030, 10300, 0 
10031, 10300, 0 
10032, 10300, 0 
10033, 10300, 0 
10034, 10300, 0 
10035, 10300, 0 
10036, 10300, 0 
10037, 10300, 0 
10038, 10300, 0 
10039, 10300, 0 
10040, 10300, 0 
10041, 10300, 0 
10042, 10300, 0 
10043, 10300, 0 
10044, 10300, 0 
10045, 10300, 0 
10046, 10300, 0 
10047, 10300, 0 
10048, 10300, 0 
10049, 10300, 0 
10050, 10300, 0 
10051, 10300, 0 
10052, 10300, 0 
10053, 10300, 0 
10054, 10300, 0 
10055, 10300, 0 
10056, 10300, 0 
10057, 10300, 0 
10058, 10300, 0 
10059, 10300, 0 
10060, 10300, 0 
10061, 10300, 0 
10062, 10300, 0 
10063, 10300, 0 
10064, 10300, 0 
10065, 10300, 0 
10066, 10300, 0 
10067, 10300, 0 
10068, 10300, 0 
10069, 10300, 0 
10070, 10300, 0 
10071, 10300, 0 
10072, 10300, 0 
10073, 10300, 0 
10074, 10300, 0 
10075, 10300, 0 
10076, 10300, 0 
10077, 10300, 0 
10078, 10300, 0 
10079, 10300, 0 
10080, 10300, 0 
10081, 10300, 0 
10082, 10300, 0 
10083, 10300, 0 
10084, 10300, 0 
10085, 10300, 0 
10086, 10300, 0 
10087, 10300, 0 
10088, 10300, 0 
10089, 10300, 0 
10090, 10300, 0 
10091, 10300, 0 
10092, 10300, 0 
10093, 10300, 0 
10094, 10300, 0 
10095, 10300, 0 
10096, 10300, 0 
10097, 10300, 0 
10098, 10300, 0 
10099, 10300, 0 
10100, 10300, 0 
10101, 10300, 0 
10102, 10300, 0 
10103, 10300, 0 
10104, 10300, 0 
10105, 10300, 0 
10106, 10300, 0 
10107, 10300, 0 
10108, 10300, 0 
10109, 10300, 0 
10110, 10300, 0 
10111, 10300, 0 
10112, 10300, 0 
10113, 10300, 0 
10114, 10300, 0 
10115, 10300, 0 
10116, 10300, 0 
10117, 10300, 0 
10118, 10300, 0 
10119, 10300, 0 
10120, 10300, 0 
10121, 10300, 0 
10122, 10300, 0 
10123, 10300, 0 
10124, 10300, 0 
10125, 10300, 0 
10126, 10300, 0 
10127, 10300, 0 
10128, 10300, 0 
10129, 10300, 0 
10130, 10300, 0 
10131, 10300, 0 
10132, 10300, 0 
10133, 10300, 0 
10134, 10300, 0 
10135, 10300, 0 
10136, 10300, 0 
10137, 10300, 0 
10138, 10300, 0 
10139, 10300, 0 
10140, 10300, 0 
10141, 10300, 0 
10142, 10300, 0 
10143, 10300, 0 
10144, 10300, 0 
10145, 10300, 0 
10146, 10300, 0 
10147, 10300, 0 
10148, 10300, 0 
10149, 10300, 0 
10150, 10300, 0 
10151, 10300, 0 
10152, 10300, 0 
10153, 10300, 0 
10154, 10300, 0 
10155, 10300, 0 
10156, 10300, 0 
10157, 10300, 0 
10158, 10300, 0 
10159, 10300, 0 
10160, 10300, 0 
10161, 10300, 0 
10162, 10300, 0 
10163, 10300, 0 
10164, 10300, 0 
10165, 10300, 0 
10166, 10300, 0 
10167, 10300, 0 
10168, 10300, 0 
10169, 10300, 0 
10170, 10300, 0 
10171, 10300, 0 
10172, 10300, 0 
10173, 10300, 0 
10174, 10300, 0 
10175, 10300, 0 
10176, 10300, 0 
10177, 10300, 0 
10178, 10300, 0 
10179, 10300, 0 
10180, 10300, 0 
10181, 10300, 0 
10182, 10300, 0 
10183, 10300, 0 
10184, 10300, 0 
10185, 10300, 0 
10186, 10300, 0 
10187, 10300, 0 
10188, 10300, 0 
10189, 10300, 0 
10190, 10300, 0 
10191, 10300, 0 
10192, 10300, 0 
10193, 10300, 0 
10194, 10300, 0 
10195, 10300, 0 
10196, 10300, 0 
10197, 10300, 0 
10198, 10300, 0 
10199, 10300, 0 
10200, 10300, 0 
10201, 10300, 0 
10202, 10300, 0 
10203, 10300, 0 
10204, 10300, 0 
10205, 10300, 0 
10206, 10300, 0 
10207, 10300, 0 
10208, 10300, 0 
10209, 10300, 0 
10210, 10300, 0 
10211, 10300, 0 
10212, 10300, 0 
10213, 10300, 0 
10214, 10300, 0 
10215, 10300, 0 
10216, 10300, 0 
10217, 10300, 0 
10218, 10300, 0 
10219, 10300, 0 
10220, 10300, 0 
10221, 10300, 0 
10222, 10300, 0 
10223, 10300, 0 
10224, 10300, 0 
10225, 10300, 0 
10226, 10300, 0 
10227, 10300, 0 
10228, 10300, 0 
10229, 10300, 0 
10230, 10300, 0 
10231, 10300, 0 
10232, 10300, 0 
10233, 10300, 0 
10234, 10300, 0 
10235, 10300, 0 
10236, 10300, 0 
10237, 10300, 0 
10238, 10300, 0 
10239, 10300, 0 
10240, 10300, 0 
10241, 10300, 0 
10242, 10300, 0 
10243, 10300, 0 
10244, 10300, 0 
10245, 10300, 0 
10246, 10300, 0 
10247, 10300, 0 
10248, 10300, 0 
10249, 10300, 0 
10250, 10300, 0 
10251, 10300, 0 
10252, 10300, 0 
10253, 10300, 0 
10254, 10300, 0 
10255, 10300, 0 
10256, 10300, 0 
10257, 10300, 0 
10258, 10300, 0 
10259, 10300, 0 
10260, 10300, 0 
10261, 10300, 0 
10262, 10300, 0 
10263, 10300, 0 
10264, 10300, 0 
10265, 10300, 0 
10266, 10300, 0 
10267, 10300, 0 
10268, 10300, 0 
10269, 10300, 0 
10270, 10300, 0 
10271, 10300, 0 
10272, 10300, 0 
10273, 10300, 0 
10274, 10300, 0 
10275, 10300, 0 
10276, 10300, 0 
10277, 10300, 0 
10278, 10300, 0 
10279, 10300, 0 
10280, 10300, 0 
10281, 10300, 0 
10282, 10300, 0 
10283, 10300, 0 
10284, 10300, 0 
10285, 10300, 0 
10286, 10300, 0 
10287, 10300, 0 
10288, 10300, 0 
10289, 10300, 0 
10290, 10300, 0 
10291, 10300, 0 
10292, 10300, 0 
10293, 10300, 0 
10294, 10300, 0 
10295, 10300, 0 
10296, 10300, 0 
10297, 10300, 0 
10298, 10300, 0 
10299, 10300, 0 
10300, 10300, 0 
10301, 10300, 0 
10302, 10300, 0 
10303, 10300, 0 
10304, 10300, 0 
10305, 10300, 0 
10306, 10300, 0 
10307, 10300, 0 
10308, 10300, 0 
10309, 10300, 0 
10310, 10300, 0 
10311, 10300, 0 
10312, 10300, 0 
10313, 10300, 0 
10314, 10300, 0 
10315, 10300, 0 
10316, 10300, 0 
10317, 10300, 0 
10318, 10300, 0 
10319, 10300, 0 
10320, 10300, 0 
10321, 10300, 0 
10322, 10300, 0 
10323, 10300, 0 
10324, 10300, 0 
10325, 10300, 0 
10326, 10300, 0 
10327, 10300, 0 
10328, 10300, 0 
10329, 10300, 0 
10330, 10300, 0 
10331, 10300, 0 
10332, 10300, 0 
10333, 10300, 0 
10334, 10300, 0 
10335, 10300, 0 
10336, 10300, 0 
10337, 10300, 0 
10338, 10300, 0 
10339, 10300, 0 
10340, 10300, 0 
10341, 10300, 0 
10342, 10300, 0 
10343, 10300, 0 
10344, 10300, 0 
10345, 10300, 0 
10346, 10300, 0 
10347, 10300, 0 
10348, 10300, 0 
10349, 10300, 0 
10350, 10300, 0 
10351, 10300, 0 
10352, 10300, 0 
10353, 10300, 0 
10354, 10300, 0 
10355, 10300, 0 
10356, 10300, 0 
10357, 10300, 0 
10358, 10300, 0 
10359, 10300, 0 
10360, 10300, 0 
10361, 10300, 0 
10362, 10300, 0 
10363, 10300, 0 
10364, 10300, 0 
10365, 10300, 0 
10366, 10300, 0 
10367, 10300, 0 
10368, 10300, 0 
10369, 10300, 0 
10370, 10300, 0 
10371, 10300, 0 
10372, 10300, 0 
10373, 10300, 0 
10374, 10300, 0 
10375, 10300, 0 
10376, 10300, 0 
10377, 10300, 0 
10378, 10300, 0 
10379, 10300, 0 
10380, 10300, 0 
10381, 10300, 0 
10382, 10300, 0 
10383, 10300, 0 
10384, 10300, 0 
10385, 10300, 0 
10386, 10300, 0 
10387, 10300, 0 
10388, 10300, 0 
10389, 10300, 0 
10390, 10300, 0 
10391, 10300, 0 
10392, 10300, 0 
10393, 10300, 0 
10394, 10300, 0 
10395, 10300, 0 
10396, 10300, 0 
10397, 10300, 0 
10398, 10300, 0 
10399, 10300, 0 
10400, 10300, 0 
10401, 10300, 0 
10402, 10300, 0 
10403, 10300, 0 
10404, 10300, 0 
10405, 10300, 0 
10406, 10300, 0 
10407, 10300, 0 
10408, 10300, 0 
10409, 10300, 0 
10410, 10300, 0 
10411, 10300, 0 
10412, 10300, 0 
10413, 10300, 0 
10414, 10300, 0 
10415, 10300, 0 
10416, 10300, 0 
10417, 10300, 0 
10418, 10300, 0 
10419, 10300, 0 
10420, 10300, 0 
10421, 10300, 0 
10422, 10300, 0 
10423, 10300, 0 
10424, 10300, 0 
10425, 10300, 0 
10426, 10300, 0 
10427, 10300, 0 
10428, 10300, 0 
10429, 10300, 0 
10430, 10300, 0 
10431, 10300, 0 
10432, 10300, 0 
10433, 10300, 0 
10434, 10300, 0 
10435, 10300, 0 
10436, 10300, 0 
10437, 10300, 0 
10438, 10300, 0 
10439, 10300, 0 
10440, 10300, 0 
10441, 10300, 0 
10442, 10300, 0 
10443, 10300, 0 
10444, 10300, 0 
10445, 10300, 0 
10446, 10300, 0 
10447, 10300, 0 
10448, 10300, 0 
10449, 10300, 0 
10450, 10300, 0 
10451, 10300, 0 
10452, 10300, 0 
10453, 10300, 0 
10454, 10300, 0 
10455, 10300, 0 
10456, 10300, 0 
10457, 10300, 0 
10458, 10300, 0 
10459, 10300, 0 
10460, 10300, 0 
10461, 10300, 0 
10462, 10300, 0 
10463, 10300, 0 
10464, 10300, 0 
10465, 10300, 0 
10466, 10300, 0 
10467, 10300, 0 
10468, 10300, 0 
10469, 10300, 0 
10470, 10300, 0 
10471, 10300, 0 
10472, 10300, 0 
10473, 10300, 0 
10474, 10300, 0 
10475, 10300, 0 
10476, 10300, 0 
10477, 10300, 0 
10478, 10300, 0 
10479, 10300, 0 
10480, 10300, 0 
10481, 10300, 0 
10482, 10300, 0 
10483, 10300, 0 
10484, 10300, 0 
10485, 10300, 0 
10486, 10300, 0 
10487, 10300, 0 
10488, 10300, 0 
10489, 10300, 0 
10490, 10300, 0 
10491, 10300, 0 
10492, 10300, 0 
10493, 10300, 0 
10494, 10300, 0 
10495, 10300, 0 
10496, 10300, 0 
10497, 10300, 0 
10498, 10300, 0 
10499, 10300, 0 
10500, 10300, 0 
10501, 10300, 0 
10502, 10300, 0 
10503, 10300, 0 
10504, 10300, 0 
10505, 10300, 0 
10506, 10300, 0 
10507, 10300, 0 
10508, 10300, 0 
10509, 10300, 0 
10510, 10300, 0 
10511, 10300, 0 
10512, 10300, 0 
10513, 10300, 0 
10514, 10300, 0 
10515, 10300, 0 
10516, 10300, 0 
10517, 10300, 0 
10518, 10300, 0 
10519, 10300, 0 
10520, 10300, 0 
10521, 10300, 0 
10522, 10300, 0 
10523, 10300, 0 
10524, 10300, 0 
10525, 10300, 0 
10526, 10300, 0 
10527, 10300, 0 
10528, 10300, 0 
10529, 10300, 0 
10530, 10300, 0 
10531, 10300, 0 
10532, 10300, 0 
10533, 10300, 0 
10534, 10300, 0 
10535, 10300, 0 
10536, 10300, 0 
10537, 10300, 0 
10538, 10300, 0 
10539, 10300, 0 
10540, 10300, 0 
10541, 10300, 0 
10542, 10300, 0 
10543, 10300, 0 
10544, 10300, 0 
10545, 10300, 0 
10546, 10300, 0 
10547, 10300, 0 
10548, 10300, 0 
10549, 10300, 0 
10550, 10300, 0 
10551, 10300, 0 
10552, 10300, 0 
10553, 10300, 0 
10554, 10300, 0 
10555, 10300, 0 
10556, 10300, 0 
10557, 10300, 0 
10558, 10300, 0 
10559, 10300, 0 
10560, 10300, 0 
10561, 10300, 0 
10562, 10300, 0 
10563, 10300, 0 
10564, 10300, 0 
10565, 10300, 0 
10566, 10300, 0 
10567, 10300, 0 
10568, 10300, 0 
10569, 10300, 0 
10570, 10300, 0 
10571, 10300, 0 
10572, 10300, 0 
10573, 10300, 0 
10574, 10300, 0 
10575, 10300, 0 
10576, 10300, 0 
10577, 10300, 0 
10578, 10300, 0 
10579, 10300, 0 
10580, 10300, 0 
10581, 10300, 0 
10582, 10300, 0 
10583, 10300, 0 
10584, 10300, 0 
10585, 10300, 0 
10586, 10300, 0 
10587, 10300, 0 
10588, 10300, 0 
10589, 10300, 0 
10590, 10300, 0 
10591, 10300, 0 
10592, 10300, 0 
10593, 10300, 0 
10594, 10300, 0 
10595, 10300, 0 
10596, 10300, 0 
10597, 10300, 0 
10598, 10300, 0 
10599, 10300, 0 
10600, 10300, 0 
10601, 10300, 0 
10602, 10300, 0 
10603, 10300, 0 
10604, 10300, 0 
10605, 10300, 0 
10606, 10300, 0 
10607, 10300, 0 
10608, 10300, 0 
10609, 10300, 0 
10610, 10300, 0 
10611, 10300, 0 
10612, 10300, 0 
10613, 10300, 0 
10614, 10300, 0 
10615, 10300, 0 
10616, 10300, 0 
10617, 10300, 0 
10618, 10300, 0 
10619, 10300, 0 
10620, 10300, 0 
10621, 10300, 0 
10622, 10300, 0 
10623, 10300, 0 
10624, 10300, 0 
10625, 10300, 0 
10626, 10300, 0 
10627, 10300, 0 
10628, 10300, 0 
10629, 10300, 0 
10630, 10300, 0 
10631, 10300, 0 
10632, 10300, 0 
10633, 10300, 0 
10634, 10300, 0 
10635, 10300, 0 
10636, 10300, 0 
10637, 10300, 0 
10638, 10300, 0 
10639, 10300, 0 
10640, 10300, 0 
10641, 10300, 0 
10642, 10300, 0 
10643, 10300, 0 
10644, 10300, 0 
10645, 10300, 0 
10646, 10300, 0 
10647, 10300, 0 
10648, 10300, 0 
10649, 10300, 0 
10650, 10300, 0 
10651, 10300, 0 
10652, 10300, 0 
10653, 10300, 0 
10654, 10300, 0 
10655, 10300, 0 
10656, 10300, 0 
10657, 10300, 0 
10658, 10300, 0 
10659, 10300, 0 
10660, 10300, 0 
10661, 10300, 0 
10662, 10300, 0 
10663, 10300, 0 
10664, 10300, 0 
10665, 10300, 0 
10666, 10300, 0 
10667, 10300, 0 
10668, 10300, 0 
10669, 10300, 0 
10670, 10300, 0 
10671, 10300, 0 
10672, 10300, 0 
10673, 10300, 0 
10674, 10300, 0 
10675, 10300, 0 
10676, 10300, 0 
10677, 10300, 0 
10678, 10300, 0 
10679, 10300, 0 
10680, 10300, 0 
10681, 10300, 0 
10682, 10300, 0 
10683, 10300, 0 
10684, 10300, 0 
10685, 10300, 0 
10686, 10300, 0 
10687, 10300, 0 
10688, 10300, 0 
10689, 10300, 0 
10690, 10300, 0 
10691, 10300, 0 
10692, 10300, 0 
10693, 10300, 0 
10694, 10300, 0 
10695, 10300, 0 
10696, 10300, 0 
10697, 10300, 0 
10698, 10300, 0 
10699, 10300, 0 
10700, 10300, 0 
10701, 10300, 0 
10702, 10300, 0 
10703, 10300, 0 
10704, 10300, 0 
10705, 10300, 0 
10706, 10300, 0 
10707, 10300, 0 
10708, 10300, 0 
10709, 10300, 0 
10710, 10300, 0 
10711, 10300, 0 
10712, 10300, 0 
10713, 10300, 0 
10714, 10300, 0 
10715, 10300, 0 
10716, 10300, 0 
10717, 10300, 0 
10718, 10300, 0 
10719, 10300, 0 
10720, 10300, 0 
10721, 10300, 0 
10722, 10300, 0 
10723, 10300, 0 
10724, 10300, 0 
10725, 10300, 0 
10726, 10300, 0 
10727, 10300, 0 
10728, 10300, 0 
10729, 10300, 0 
10730, 10300, 0 
10731, 10300, 0 
10732, 10300, 0 
10733, 10300, 0 
10734, 10300, 0 
10735, 10300, 0 
10736, 10300, 0 
10737, 10300, 0 
10738, 10300, 0 
10739, 10300, 0 
10740, 10300, 0 
10741, 10300, 0 
10742, 10300, 0 
10743, 10300, 0 
10744, 10300, 0 
10745, 10300, 0 
10746, 10300, 0 
10747, 10300, 0 
10748, 10300, 0 
10749, 10300, 0 
10750, 10300, 0 
10751, 10300, 0 
10752, 10300, 0 
10753, 10300, 0 
10754, 10300, 0 
10755, 10300, 0 
10756, 10300, 0 
10757, 10300, 0 
10758, 10300, 0 
10759, 10300, 0 
10760, 10300, 0 
10761, 10300, 0 
10762, 10300, 0 
10763, 10300, 0 
10764, 10300, 0 
10765, 10300, 0 
10766, 10300, 0 
10767, 10300, 0 
10768, 10300, 0 
10769, 10300, 0 
10770, 10300, 0 
10771, 10300, 0 
10772, 10300, 0 
10773, 10300, 0 
10774, 10300, 0 
10775, 10300, 0 
10776, 10300, 0 
10777, 10300, 0 
10778, 10300, 0 
10779, 10300, 0 
10780, 10300, 0 
10781, 10300, 0 
10782, 10300, 0 
10783, 10300, 0 
10784, 10300, 0 
10785, 10300, 0 
10786, 10300, 0 
10787, 10300, 0 
10788, 10300, 0 
10789, 10300, 0 
10790, 10300, 0 
10791, 10300, 0 
10792, 10300, 0 
10793, 10300, 0 
10794, 10300, 0 
10795, 10300, 0 
10796, 10300, 0 
10797, 10300, 0 
10798, 10300, 0 
10799, 10300, 0 
10800, 10300, 0 
10801, 10300, 0 
10802, 10300, 0 
10803, 10300, 0 
10804, 10300, 0 
10805, 10300, 0 
10806, 10300, 0 
10807, 10300, 0 
10808, 10300, 0 
10809, 10300, 0 
10810, 10300, 0 
10811, 10300, 0 
10812, 10300, 0 
10813, 10300, 0 
10814, 10300, 0 
10815, 10300, 0 
10816, 10300, 0 
10817, 10300, 0 
10818, 10300, 0 
10819, 10300, 0 
10820, 10300, 0 
10821, 10300, 0 
10822, 10300, 0 
10823, 10300, 0 
10824, 10300, 0 
10825, 10300, 0 
10826, 10300, 0 
10827, 10300, 0 
10828, 10300, 0 
10829, 10300, 0 
10830, 10300, 0 
10831, 10300, 0 
10832, 10300, 0 
10833, 10300, 0 
10834, 10300, 0 
10835, 10300, 0 
10836, 10300, 0 
10837, 10300, 0 
10838, 10300, 0 
10839, 10300, 0 
10840, 10300, 0 
10841, 10300, 0 
10842, 10300, 0 
10843, 10300, 0 
10844, 10300, 0 
10845, 10300, 0 
10846, 10300, 0 
10847, 10300, 0 
10848, 10300, 0 
10849, 10300, 0 
10850, 10300, 0 
10851, 10300, 0 
10852, 10300, 0 
10853, 10300, 0 
10854, 10300, 0 
10855, 10300, 0 
10856, 10300, 0 
10857, 10300, 0 
10858, 10300, 0 
10859, 10300, 0 
10860, 10300, 0 
10861, 10300, 0 
10862, 10300, 0 
10863, 10300, 0 
10864, 10300, 0 
10865, 10300, 0 
10866, 10300, 0 
10867, 10300, 0 
10868, 10300, 0 
10869, 10300, 0 
10870, 10300, 0 
10871, 10300, 0 
10872, 10300, 0 
10873, 10300, 0 
10874, 10300, 0 
10875, 10300, 0 
10876, 10300, 0 
10877, 10300, 0 
10878, 10300, 0 
10879, 10300, 0 
10880, 10300, 0 
10881, 10300, 0 
10882, 10300, 0 
10883, 10300, 0 
10884, 10300, 0 
10885, 10300, 0 
10886, 10300, 0 
10887, 10300, 0 
10888, 10300, 0 
10889, 10300, 0 
10890, 10300, 0 
10891, 10300, 0 
10892, 10300, 0 
10893, 10300, 0 
10894, 10300, 0 
10895, 10300, 0 
10896, 10300, 0 
10897, 10300, 0 
10898, 10300, 0 
10899, 10300, 0 
10900, 10300, 0 
10901, 10300, 0 
10902, 10300, 0 
10903, 10300, 0 
10904, 10300, 0 
10905, 10300, 0 
10906, 10300, 0 
10907, 10300, 0 
10908, 10300, 0 
10909, 10300, 0 
10910, 10300, 0 
10911, 10300, 0 
10912, 10300, 0 
10913, 10300, 0 
10914, 10300, 0 
10915, 10300, 0 
10916, 10300, 0 
10917, 10300, 0 
10918, 10300, 0 
10919, 10300, 0 
10920, 10300, 0 
10921, 10300, 0 
10922, 10300, 0 
10923, 10300, 0 
10924, 10300, 0 
10925, 10300, 0 
10926, 10300, 0 
10927, 10300, 0 
10928, 10300, 0 
10929, 10300, 0 
10930, 10300, 0 
10931, 10300, 0 
10932, 10300, 0 
10933, 10300, 0 
10934, 10300, 0 
10935, 10300, 0 
10936, 10300, 0 
10937, 10300, 0 
10938, 10300, 0 
10939, 10300, 0 
10940, 10300, 0 
10941, 10300, 0 
10942, 10300, 0 
10943, 10300, 0 
10944, 10300, 0 
10945, 10300, 0 
10946, 10300, 0 
10947, 10300, 0 
10948, 10300, 0 
10949, 10300, 0 
10950, 10300, 0 
10951, 10300, 0 
10952, 10300, 0 
10953, 10300, 0 
10954, 10300, 0 
10955, 10300, 0 
10956, 10300, 0 
10957, 10300, 0 
10958, 10300, 0 
10959, 10300, 0 
10960, 10300, 0 
10961, 10300, 0 
10962, 10300, 0 
10963, 10300, 0 
10964, 10300, 0 
10965, 10300, 0 
10966, 10300, 0 
10967, 10300, 0 
10968, 10300, 0 
10969, 10300, 0 
10970, 10300, 0 
10971, 10300, 0 
10972, 10300, 0 
10973, 10300, 0 
10974, 10300, 0 
10975, 10300, 0 
10976, 10300, 0 
10977, 10300, 0 
10978, 10300, 0 
10979, 10300, 0 
10980, 10300, 0 
10981, 10300, 0 
10982, 10300, 0 
10983, 10300, 0 
10984, 10300, 0 
10985, 10300, 0 
10986, 10300, 0 
10987, 10300, 0 
10988, 10300, 0 
10989, 10300, 0 
10990, 10300, 0 
10991, 10300, 0 
10992, 10300, 0 
10993, 10300, 0 
10994, 10300, 0 
10995, 10300, 0 
10996, 10300, 0 
10997, 10300, 0 
10998, 10300, 0 
10999, 10300, 0 
11000, 10300, 0 
11000, 10300, 1