0, 0, 0
1, 0, 0
2, 0, 0
3, 0, 0
4, 0, 0
5, 0, 0
6, 0, 0
7, 0, 0
8, 0, 0
9, 0, 0
10, 0, 0
11, 0, 0
12, 0, 0
13, 0, 0
14, 0, 0
15, 0, 0
16, 0, 0
17, 0, 0
18, 0, 0
19, 0, 0
20, 0, 0
21, 0, 0
22, 0, 0
23, 0, 0
24, 0, 0
25, 0, 0
26, 0, 0
27, 0, 0
28, 0, 0
29, 0, 0
30, 0, 0
31, 0, 0
32, 0, 0
33, 0, 0
34, 0, 0
35, 0, 0
36, 0, 0
37, 0, 0
38, 0, 0
39, 0, 0
40, 0, 0
41, 0, 0
42, 0, 0
43, 0, 0
44, 0, 0
45, 0, 0
46, 0, 0
47, 0, 0
48, 0, 0
49, 0, 0
50, 0, 0
51, 0, 0
52, 0, 0
53, 0, 0
54, 0, 0
55, 0, 0
56, 0, 0
57, 0, 0
58, 0, 0
59, 0, 0
60, 0, 0
61, 0, 0
62, 0, 0
63, 0, 0
64, 0, 0
65, 0, 0
66, 0, 0
67, 0, 0
68, 0, 0
69, 0, 0
70, 0, 0
71, 0, 0
72, 0, 0
73, 0, 0
74, 0, 0
75, 0, 0
76, 0, 0
77, 0, 0
78, 0, 0
79, 0, 0
80, 0, 0
81, 0, 0
82, 0, 0
83, 0, 0
84, 0, 0
85, 0, 0
86, 0, 0
87, 0, 0
88, 0, 0
89, 0, 0
90, 0, 0
91, 0, 0
92, 0, 0
93, 0, 0
94, 0, 0
95, 0, 0
96, 0, 0
97, 0, 0
98, 0, 0
99, 0, 0
100, 0, 0
101, 0, 0
102, 0, 0
103, 0, 0
104, 0, 0
105, 0, 0
106, 0, 0
107, 0, 0
108, 0, 0
109, 0, 0
110, 0, 0
111, 0, 0
112, 0, 0
113, 0, 0
114, 0, 0
115, 0, 0
116, 0, 0
117, 0, 0
118, 0, 0
119, 0, 0
120, 0, 0
121, 0, 0
122, 0, 0
123, 0, 0
124, 0, 0
125, 0, 0
126, 0, 0
127, 0, 0
128, 0, 0
129, 0, 0
130, 0, 0
131, 0, 0
132, 0, 0
133, 0, 0
134, 0, 0
135, 0, 0
136, 0, 0
137, 0, 0
138, 0, 0
139, 0, 0
140, 0, 0
141, 0, 0
142, 0, 0
143, 0, 0
144, 0, 0
145, 0, 0
146, 0, 0
147, 0, 0
148, 0, 0
149, 0, 0
150, 0, 0
151, 0, 0
152, 0, 0
153, 0, 0
154, 0, 0
155, 0, 0
156, 0, 0
157, 0, 0
158, 0, 0
159, 0, 0
160, 0, 0
161, 0, 0
162, 0, 0
163, 0, 0
164, 0, 0
165, 0, 0
166, 0, 0
167, 0, 0
168, 0, 0
169, 0, 0
170, 0, 0
171, 0, 0
172, 0, 0
173, 0, 0
174, 0, 0
175, 0, 0
176, 0, 0
177, 0, 0
178, 0, 0
179, 0, 0
180, 0, 0
181, 0, 0
182, 0, 0
183, 0, 0
184, 0, 0
185, 0, 0
186, 0, 0
187, 0, 0
188, 0, 0
189, 0, 0
190, 0, 0
191, 0, 0
192, 0, 0
193, 0, 0
194, 0, 0
195, 0, 0
196, 0, 0
197, 0, 0
198, 0, 0
199, 0, 0
200, 0, 0
201, 0, 0
202, 0, 0
203, 0, 0
204, 0, 0
205, 0, 0
206, 0, 0
207, 0, 0
208, 0, 0
209, 0, 0
210, 0, 0
211, 0, 0
212, 0, 0
213, 0, 0
214, 0, 0
215, 0, 0
216, 0, 0
217, 0, 0
218, 0, 0
219, 0, 0
220, 0, 0
221, 0, 0
222, 0, 0
223, 0, 0
224, 0, 0
225, 0, 0
226, 0, 0
227, 0, 0
228, 0, 0
229, 0, 0
230, 0, 0
231, 0, 0
232, 0, 0
233, 0, 0
234, 0, 0
235, 0, 0
236, 0, 0
237, 0, 0
238, 0, 0
239, 0, 0
240, 0, 0
241, 0, 0
242, 0, 0
243, 0, 0
244, 0, 0
245, 0, 0
246, 0, 0
247, 0, 0
248, 0, 0
249, 0, 0
250, 0, 0
251, 0, 0
252, 0, 0
253, 0, 0
254, 0, 0
255, 0, 0
256, 0, 0
257, 0, 0
258, 0, 0
259, 0, 0
260, 0, 0
261, 0, 0
262, 0, 0
263, 0, 0
264, 0, 0
265, 0, 0
266, 0, 0
267, 0, 0
268, 0, 0
269, 0, 0
270, 0, 0
271, 0, 0
272, 0, 0
273, 0, 0
274, 0, 0
275, 0, 0
276, 0, 0
277, 0, 0
278, 0, 0
279, 0, 0
280, 0, 0
281, 0, 0
282, 0, 0
283, 0, 0
284, 0, 0
285, 0, 0
286, 0, 0
287, 0, 0
288, 0, 0
289, 0, 0
290, 0, 0
291, 0, 0
292, 0, 0
293, 0, 0
294, 0, 0
295, 0, 0
296, 0, 0
297, 0, 0
298, 0, 0
299, 0, 0
300, 0, 0
301, 0, 0
302, 0, 0
303, 0, 0
304, 0, 0
305, 0, 0
306, 0, 0
307, 0, 0
308, 0, 0
309, 0, 0
310, 0, 0
311, 0, 0
312, 0, 0
313, 0, 0
314, 0, 0
315, 0, 0
316, 0, 0
317, 0, 0
318, 0, 0
319, 0, 0
320, 0, 0
321, 0, 0
322, 0, 0
323, 0, 0
324, 0, 0
325, 0, 0
326, 0, 0
327, 0, 0
328, 0, 0
329, 0, 0
330, 0, 0
331, 0, 0
332, 0, 0
333, 0, 0
334, 0, 0
335, 0, 0
336, 0, 0
337, 0, 0
338, 0, 0
339, 0, 0
340, 0, 0
341, 0, 0
342, 0, 0
343, 0, 0
344, 0, 0
345, 0, 0
346, 0, 0
347, 0, 0
348, 0, 0
349, 0, 0
350, 0, 0
351, 0, 0
352, 0, 0
353, 0, 0
354, 0, 0
355, 0, 0
356, 0, 0
357, 0, 0
358, 0, 0
359, 0, 0
360, 0, 0
361, 0, 0
362, 0, 0
363, 0, 0
364, 0, 0
365, 0, 0
366, 0, 0
367, 0, 0
368, 0, 0
369, 0, 0
370, 0, 0
371, 0, 0
372, 0, 0
373, 0, 0
374, 0, 0
375, 0, 0
376, 0, 0
377, 0, 0
378, 0, 0
379, 0, 0
380, 0, 0
381, 0, 0
382, 0, 0
383, 0, 0
384, 0, 0
385, 0, 0
386, 0, 0
387, 0, 0
388, 0, 0
389, 0, 0
390, 0, 0
391, 0, 0
392, 0, 0
393, 0, 0
394, 0, 0
395, 0, 0
396, 0, 0
397, 0, 0
398, 0, 0
399, 0, 0
400, 0, 0
401, 0, 0
402, 0, 0
403, 0, 0
404, 0, 0
405, 0, 0
406, 0, 0
407, 0, 0
408, 0, 0
409, 0, 0
410, 0, 0
411, 0, 0
412, 0, 0
413, 0, 0
414, 0, 0
415, 0, 0
416, 0, 0
417, 0, 0
418, 0, 0
419, 0, 0
420, 0, 0
421, 0, 0
422, 0, 0
423, 0, 0
424, 0, 0
425, 0, 0
426, 0, 0
427, 0, 0
428, 0, 0
429, 0, 0
430, 0, 0
431, 0, 0
432, 0, 0
433, 0, 0
434, 0, 0
435, 0, 0
436, 0, 0
437, 0, 0
438, 0, 0
439, 0, 0
440, 0, 0
441, 0, 0
442, 0, 0
443, 0, 0
444, 0, 0
445, 0, 0
446, 0, 0
447, 0, 0
448, 0, 0
449, 0, 0
450, 0, 0
451, 0, 0
452, 0, 0
453, 0, 0
454, 0, 0
455, 0, 0
456, 0, 0
457, 0, 0
458, 0, 0
459, 0, 0
460, 0, 0
461, 0, 0
462, 0, 0
463, 0, 0
464, 0, 0
465, 0, 0
466, 0, 0
467, 0, 0
468, 0, 0
469, 0, 0
470, 0, 0
471, 0, 0
472, 0, 0
473, 0, 0
474, 0, 0
475, 0, 0
476, 0, 0
477, 0, 0
478, 0, 0
479, 0, 0
480, 0, 0
481, 0, 0
482, 0, 0
483, 0, 0
484, 0, 0
485, 0, 0
486, 0, 0
487, 0, 0
488, 0, 0
489, 0, 0
490, 0, 0
491, 0, 0
492, 0, 0
493, 0, 0
494, 0, 0
495, 0, 0
496, 0, 0
497, 0, 0
498, 0, 0
499, 0, 0
500, 0, 0
501, 0, 0
502, 0, 0
503, 0, 0
504, 0, 0
505, 0, 0
506, 0, 0
507, 0, 0
508, 0, 0
509, 0, 0
510, 0, 0
511, 0, 0
512, 0, 0
513, 0, 0
514, 0, 0
515, 0, 0
516, 0, 0
517, 0, 0
518, 0, 0
519, 0, 0
520, 0, 0
521, 0, 0
522, 0, 0
523, 0, 0
524, 0, 0
525, 0, 0
526, 0, 0
527, 0, 0
528, 0, 0
529, 0, 0
530, 0, 0
531, 0, 0
532, 0, 0
533, 0, 0
534, 0, 0
535, 0, 0
536, 0, 0
537, 0, 0
538, 0, 0
539, 0, 0
540, 0, 0
541, 0, 0
542, 0, 0
543, 0, 0
544, 0, 0
545, 0, 0
546, 0, 0
547, 0, 0
548, 0, 0
549, 0, 0
550, 0, 0
551, 0, 0
552, 0, 0
553, 0, 0
554, 0, 0
555, 0, 0
556, 0, 0
557, 0, 0
558, 0, 0
559, 0, 0
560, 0, 0
561, 0, 0
562, 0, 0
563, 0, 0
564, 0, 0
565, 0, 0
566, 0, 0
567, 0, 0
568, 0, 0
569, 0, 0
570, 0, 0
571, 0, 0
572, 0, 0
573, 0, 0
574, 0, 0
575, 0, 0
576, 0, 0
577, 0, 0
578, 0, 0
579, 0, 0
580, 0, 0
581, 0, 0
582, 0, 0
583, 0, 0
584, 0, 0
585, 0, 0
586, 0, 0
587, 0, 0
588, 0, 0
589, 0, 0
590, 0, 0
591, 0, 0
592, 0, 0
593, 0, 0
594, 0, 0
595, 0, 0
596, 0, 0
597, 0, 0
598, 0, 0
599, 0, 0
600, 0, 0
601, 0, 0
602, 0, 0
603, 0, 0
604, 0, 0
605, 0, 0
606, 0, 0
607, 0, 0
608, 0, 0
609, 0, 0
610, 0, 0
611, 0, 0
612, 0, 0
613, 0, 0
614, 0, 0
615, 0, 0
616, 0, 0
617, 0, 0
618, 0, 0
619, 0, 0
620, 0, 0
621, 0, 0
622, 0, 0
623, 0, 0
624, 0, 0
625, 0, 0
626, 0, 0
627, 0, 0
628, 0, 0
629, 0, 0
630, 0, 0
631, 0, 0
632, 0, 0
633, 0, 0
634, 0, 0
635, 0, 0
636, 0, 0
637, 0, 0
638, 0, 0
639, 0, 0
640, 0, 0
641, 0, 0
642, 0, 0
643, 0, 0
644, 0, 0
645, 0, 0
646, 0, 0
647, 0, 0
648, 0, 0
649, 0, 0
650, 0, 0
651, 0, 0
652, 0, 0
653, 0, 0
654, 0, 0
655, 0, 0
656, 0, 0
657, 0, 0
658, 0, 0
659, 0, 0
660, 0, 0
661, 0, 0
662, 0, 0
663, 0, 0
664, 0, 0
665, 0, 0
666, 0, 0
667, 0, 0
668, 0, 0
669, 0, 0
670, 0, 0
671, 0, 0
672, 0, 0
673, 0, 0
674, 0, 0
675, 0, 0
676, 0, 0
677, 0, 0
678, 0, 0
679, 0, 0
680, 0, 0
681, 0, 0
682, 0, 0
683, 0, 0
684, 0, 0
685, 0, 0
686, 0, 0
687, 0, 0
688, 0, 0
689, 0, 0
690, 0, 0
691, 0, 0
692, 0, 0
693, 0, 0
694, 0, 0
695, 0, 0
696, 0, 0
697, 0, 0
698, 0, 0
699, 0, 0
700, 0, 0
701, 0, 0
702, 0, 0
703, 0, 0
704, 0, 0
705, 0, 0
706, 0, 0
707, 0, 0
708, 0, 0
709, 0, 0
710, 0, 0
711, 0, 0
712, 0, 0
713, 0, 0
714, 0, 0
715, 0, 0
716, 0, 0
717, 0, 0
718, 0, 0
719, 0, 0
720, 0, 0
721, 0, 0
722, 0, 0
723, 0, 0
724, 0, 0
725, 0, 0
726, 0, 0
727, 0, 0
728, 0, 0
729, 0, 0
730, 0, 0
731, 0, 0
732, 0, 0
733, 0, 0
734, 0, 0
735, 0, 0
736, 0, 0
737, 0, 0
738, 0, 0
739, 0, 0
740, 0, 0
741, 0, 0
742, 0, 0
743, 0, 0
744, 0, 0
745, 0, 0
746, 0, 0
747, 0, 0
748, 0, 0
749, 0, 0
750, 0, 0
751, 0, 0
752, 0, 0
753, 0, 0
754, 0, 0
755, 0, 0
756, 0, 0
757, 0, 0
758, 0, 0
759, 0, 0
760, 0, 0
761, 0, 0
762, 0, 0
763, 0, 0
764, 0, 0
765, 0, 0
766, 0, 0
767, 0, 0
768, 0, 0
769, 0, 0
770, 0, 0
771, 0, 0
772, 0, 0
773, 0, 0
774, 0, 0
775, 0, 0
776, 0, 0
777, 0, 0
778, 0, 0
779, 0, 0
780, 0, 0
781, 0, 0
782, 0, 0
783, 0, 0
784, 0, 0
785, 0, 0
786, 0, 0
787, 0, 0
788, 0, 0
789, 0, 0
790, 0, 0
791, 0, 0
792, 0, 0
793, 0, 0
794, 0, 0
795, 0, 0
796, 0, 0
797, 0, 0
798, 0, 0
799, 0, 0
800, 0, 0
801, 0, 0
802, 0, 0
803, 0, 0
804, 0, 0
805, 0, 0
806, 0, 0
807, 0, 0
808, 0, 0
809, 0, 0
810, 0, 0
811, 0, 0
812, 0, 0
813, 0, 0
814, 0, 0
815, 0, 0
816, 0, 0
817, 0, 0
818, 0, 0
819, 0, 0
820, 0, 0
821, 0, 0
822, 0, 0
823, 0, 0
824, 0, 0
825, 0, 0
826, 0, 0
827, 0, 0
828, 0, 0
829, 0, 0
830, 0, 0
831, 0, 0
832, 0, 0
833, 0, 0
834, 0, 0
835, 0, 0
836, 0, 0
837, 0, 0
838, 0, 0
839, 0, 0
840, 0, 0
841, 0, 0
842, 0, 0
843, 0, 0
844, 0, 0
845, 0, 0
846, 0, 0
847, 0, 0
848, 0, 0
849, 0, 0
850, 0, 0
851, 0, 0
852, 0, 0
853, 0, 0
854, 0, 0
855, 0, 0
856, 0, 0
857, 0, 0
858, 0, 0
859, 0, 0
860, 0, 0
861, 0, 0
862, 0, 0
863, 0, 0
864, 0, 0
865, 0, 0
866, 0, 0
867, 0, 0
868, 0, 0
869, 0, 0
870, 0, 0
871, 0, 0
872, 0, 0
873, 0, 0
874, 0, 0
875, 0, 0
876, 0, 0
877, 0, 0
878, 0, 0
879, 0, 0
880, 0, 0
881, 0, 0
882, 0, 0
883, 0, 0
884, 0, 0
885, 0, 0
886, 0, 0
887, 0, 0
888, 0, 0
889, 0, 0
890, 0, 0
891, 0, 0
892, 0, 0
893, 0, 0
894, 0, 0
895, 0, 0
896, 0, 0
897, 0, 0
898, 0, 0
899, 0, 0
900, 0, 0
901, 0, 0
902, 0, 0
903, 0, 0
904, 0, 0
905, 0, 0
906, 0, 0
907, 0, 0
908, 0, 0
909, 0, 0
910, 0, 0
911, 0, 0
912, 0, 0
913, 0, 0
914, 0, 0
915, 0, 0
916, 0, 0
917, 0, 0
918, 0, 0
919, 0, 0
920, 0, 0
921, 0, 0
922, 0, 0
923, 0, 0
924, 0, 0
925, 0, 0
926, 0, 0
927, 0, 0
928, 0, 0
929, 0, 0
930, 0, 0
931, 0, 0
932, 0, 0
933, 0, 0
934, 0, 0
935, 0, 0
936, 0, 0
937, 0, 0
938, 0, 0
939, 0, 0
940, 0, 0
941, 0, 0
942, 0, 0
943, 0, 0
944, 0, 0
945, 0, 0
946, 0, 0
947, 0, 0
948, 0, 0
949, 0, 0
950, 0, 0
951, 0, 0
952, 0, 0
953, 0, 0
954, 0, 0
955, 0, 0
956, 0, 0
957, 0, 0
958, 0, 0
959, 0, 0
960, 0, 0
961, 0, 0
962, 0, 0
963, 0, 0
964, 0, 0
965, 0, 0
966, 0, 0
967, 0, 0
968, 0, 0
969, 0, 0
970, 0, 0
971, 0, 0
972, 0, 0
973, 0, 0
974, 0, 0
975, 0, 0
976, 0, 0
977, 0, 0
978, 0, 0
979, 0, 0
980, 0, 0
981, 0, 0
982, 0, 0
983, 0, 0
984, 0, 0
985, 0, 0
986, 0, 0
987, 0, 0
988, 0, 0
989, 0, 0
990, 0, 0
991, 0, 0
992, 0, 0
993, 0, 0
994, 0, 0
995, 0, 0
996, 0, 0
997, 0, 0
998, 0, 0
999, 0, 0
1000, 0, 0
1000, 0 ,1
0, 200, 1
0, 200, 0
1, 200, 0
2, 200, 0
3, 200, 0
4, 200, 0
5, 200, 0
6, 200, 0
7, 200, 0
8, 200, 0
9, 200, 0
10, 200, 0
11, 200, 0
12, 200, 0
13, 200, 0
14, 200, 0
15, 200, 0
16, 200, 0
17, 200, 0
18, 200, 0
19, 200, 0
20, 200, 0
21, 200, 0
22, 200, 0
23, 200, 0
24, 200, 0
25, 200, 0
26, 200, 0
27, 200, 0
28, 200, 0
29, 200, 0
30, 200, 0
31, 200, 0
32, 200, 0
33, 200, 0
34, 200, 0
35, 200, 0
36, 200, 0
37, 200, 0
38, 200, 0
39, 200, 0
40, 200, 0
41, 200, 0
42, 200, 0
43, 200, 0
44, 200, 0
45, 200, 0
46, 200, 0
47, 200, 0
48, 200, 0
49, 200, 0
50, 200, 0
51, 200, 0
52, 200, 0
53, 200, 0
54, 200, 0
55, 200, 0
56, 200, 0
57, 200, 0
58, 200, 0
59, 200, 0
60, 200, 0
61, 200, 0
62, 200, 0
63, 200, 0
64, 200, 0
65, 200, 0
66, 200, 0
67, 200, 0
68, 200, 0
69, 200, 0
70, 200, 0
71, 200, 0
72, 200, 0
73, 200, 0
74, 200, 0
75, 200, 0
76, 200, 0
77, 200, 0
78, 200, 0
79, 200, 0
80, 200, 0
81, 200, 0
82, 200, 0
83, 200, 0
84, 200, 0
85, 200, 0
86, 200, 0
87, 200, 0
88, 200, 0
89, 200, 0
90, 200, 0
91, 200, 0
92, 200, 0
93, 200, 0
94, 200, 0
95, 200, 0
96, 200, 0
97, 200, 0
98, 200, 0
99, 200, 0
100, 200, 0
101, 200, 0
102, 200, 0
103, 200, 0
104, 200, 0
105, 200, 0
106, 200, 0
107, 200, 0
108, 200, 0
109, 200, 0
110, 200, 0
111, 200, 0
112, 200, 0
113, 200, 0
114, 200, 0
115, 200, 0
116, 200, 0
117, 200, 0
118, 200, 0
119, 200, 0
120, 200, 0
121, 200, 0
122, 200, 0
123, 200, 0
124, 200, 0
125, 200, 0
126, 200, 0
127, 200, 0
128, 200, 0
129, 200, 0
130, 200, 0
131, 200, 0
132, 200, 0
133, 200, 0
134, 200, 0
135, 200, 0
136, 200, 0
137, 200, 0
138, 200, 0
139, 200, 0
140, 200, 0
141, 200, 0
142, 200, 0
143, 200, 0
144, 200, 0
145, 200, 0
146, 200, 0
147, 200, 0
148, 200, 0
149, 200, 0
150, 200, 0
151, 200, 0
152, 200, 0
153, 200, 0
154, 200, 0
155, 200, 0
156, 200, 0
157, 200, 0
158, 200, 0
159, 200, 0
160, 200, 0
161, 200, 0
162, 200, 0
163, 200, 0
164, 200, 0
165, 200, 0
166, 200, 0
167, 200, 0
168, 200, 0
169, 200, 0
170, 200, 0
171, 200, 0
172, 200, 0
173, 200, 0
174, 200, 0
175, 200, 0
176, 200, 0
177, 200, 0
178, 200, 0
179, 200, 0
180, 200, 0
181, 200, 0
182, 200, 0
183, 200, 0
184, 200, 0
185, 200, 0
186, 200, 0
187, 200, 0
188, 200, 0
189, 200, 0
190, 200, 0
191, 200, 0
192, 200, 0
193, 200, 0
194, 200, 0
195, 200, 0
196, 200, 0
197, 200, 0
198, 200, 0
199, 200, 0
200, 200, 0
201, 200, 0
202, 200, 0
203, 200, 0
204, 200, 0
205, 200, 0
206, 200, 0
207, 200, 0
208, 200, 0
209, 200, 0
210, 200, 0
211, 200, 0
212, 200, 0
213, 200, 0
214, 200, 0
215, 200, 0
216, 200, 0
217, 200, 0
218, 200, 0
219, 200, 0
220, 200, 0
221, 200, 0
222, 200, 0
223, 200, 0
224, 200, 0
225, 200, 0
226, 200, 0
227, 200, 0
228, 200, 0
229, 200, 0
230, 200, 0
231, 200, 0
232, 200, 0
233, 200, 0
234, 200, 0
235, 200, 0
236, 200, 0
237, 200, 0
238, 200, 0
239, 200, 0
240, 200, 0
241, 200, 0
242, 200, 0
243, 200, 0
244, 200, 0
245, 200, 0
246, 200, 0
247, 200, 0
248, 200, 0
249, 200, 0
250, 200, 0
251, 200, 0
252, 200, 0
253, 200, 0
254, 200, 0
255, 200, 0
256, 200, 0
257, 200, 0
258, 200, 0
259, 200, 0
260, 200, 0
261, 200, 0
262, 200, 0
263, 200, 0
264, 200, 0
265, 200, 0
266, 200, 0
267, 200, 0
268, 200, 0
269, 200, 0
270, 200, 0
271, 200, 0
272, 200, 0
273, 200, 0
274, 200, 0
275, 200, 0
276, 200, 0
277, 200, 0
278, 200, 0
279, 200, 0
280, 200, 0
281, 200, 0
282, 200, 0
283, 200, 0
284, 200, 0
285, 200, 0
286, 200, 0
287, 200, 0
288, 200, 0
289, 200, 0
290, 200, 0
291, 200, 0
292, 200, 0
293, 200, 0
294, 200, 0
295, 200, 0
296, 200, 0
297, 200, 0
298, 200, 0
299, 200, 0
300, 200, 0
301, 200, 0
302, 200, 0
303, 200, 0
304, 200, 0
305, 200, 0
306, 200, 0
307, 200, 0
308, 200, 0
309, 200, 0
310, 200, 0
311, 200, 0
312, 200, 0
313, 200, 0
314, 200, 0
315, 200, 0
316, 200, 0
317, 200, 0
318, 200, 0
319, 200, 0
320, 200, 0
321, 200, 0
322, 200, 0
323, 200, 0
324, 200, 0
325, 200, 0
326, 200, 0
327, 200, 0
328, 200, 0
329, 200, 0
330, 200, 0
331, 200, 0
332, 200, 0
333, 200, 0
334, 200, 0
335, 200, 0
336, 200, 0
337, 200, 0
338, 200, 0
339, 200, 0
340, 200, 0
341, 200, 0
342, 200, 0
343, 200, 0
344, 200, 0
345, 200, 0
346, 200, 0
347, 200, 0
348, 200, 0
349, 200, 0
350, 200, 0
351, 200, 0
352, 200, 0
353, 200, 0
354, 200, 0
355, 200, 0
356, 200, 0
357, 200, 0
358, 200, 0
359, 200, 0
360, 200, 0
361, 200, 0
362, 200, 0
363, 200, 0
364, 200, 0
365, 200, 0
366, 200, 0
367, 200, 0
368, 200, 0
369, 200, 0
370, 200, 0
371, 200, 0
372, 200, 0
373, 200, 0
374, 200, 0
375, 200, 0
376, 200, 0
377, 200, 0
378, 200, 0
379, 200, 0
380, 200, 0
381, 200, 0
382, 200, 0
383, 200, 0
384, 200, 0
385, 200, 0
386, 200, 0
387, 200, 0
388, 200, 0
389, 200, 0
390, 200, 0
391, 200, 0
392, 200, 0
393, 200, 0
394, 200, 0
395, 200, 0
396, 200, 0
397, 200, 0
398, 200, 0
399, 200, 0
400, 200, 0
401, 200, 0
402, 200, 0
403, 200, 0
404, 200, 0
405, 200, 0
406, 200, 0
407, 200, 0
408, 200, 0
409, 200, 0
410, 200, 0
411, 200, 0
412, 200, 0
413, 200, 0
414, 200, 0
415, 200, 0
416, 200, 0
417, 200, 0
418, 200, 0
419, 200, 0
420, 200, 0
421, 200, 0
422, 200, 0
423, 200, 0
424, 200, 0
425, 200, 0
426, 200, 0
427, 200, 0
428, 200, 0
429, 200, 0
430, 200, 0
431, 200, 0
432, 200, 0
433, 200, 0
434, 200, 0
435, 200, 0
436, 200, 0
437, 200, 0
438, 200, 0
439, 200, 0
440, 200, 0
441, 200, 0
442, 200, 0
443, 200, 0
444, 200, 0
445, 200, 0
446, 200, 0
447, 200, 0
448, 200, 0
449, 200, 0
450, 200, 0
451, 200, 0
452, 200, 0
453, 200, 0
454, 200, 0
455, 200, 0
456, 200, 0
457, 200, 0
458, 200, 0
459, 200, 0
460, 200, 0
461, 200, 0
462, 200, 0
463, 200, 0
464, 200, 0
465, 200, 0
466, 200, 0
467, 200, 0
468, 200, 0
469, 200, 0
470, 200, 0
471, 200, 0
472, 200, 0
473, 200, 0
474, 200, 0
475, 200, 0
476, 200, 0
477, 200, 0
478, 200, 0
479, 200, 0
480, 200, 0
481, 200, 0
482, 200, 0
483, 200, 0
484, 200, 0
485, 200, 0
486, 200, 0
487, 200, 0
488, 200, 0
489, 200, 0
490, 200, 0
491, 200, 0
492, 200, 0
493, 200, 0
494, 200, 0
495, 200, 0
496, 200, 0
497, 200, 0
498, 200, 0
499, 200, 0
500, 200, 0
501, 200, 0
502, 200, 0
503, 200, 0
504, 200, 0
505, 200, 0
506, 200, 0
507, 200, 0
508, 200, 0
509, 200, 0
510, 200, 0
511, 200, 0
512, 200, 0
513, 200, 0
514, 200, 0
515, 200, 0
516, 200, 0
517, 200, 0
518, 200, 0
519, 200, 0
520, 200, 0
521, 200, 0
522, 200, 0
523, 200, 0
524, 200, 0
525, 200, 0
526, 200, 0
527, 200, 0
528, 200, 0
529, 200, 0
530, 200, 0
531, 200, 0
532, 200, 0
533, 200, 0
534, 200, 0
535, 200, 0
536, 200, 0
537, 200, 0
538, 200, 0
539, 200, 0
540, 200, 0
541, 200, 0
542, 200, 0
543, 200, 0
544, 200, 0
545, 200, 0
546, 200, 0
547, 200, 0
548, 200, 0
549, 200, 0
550, 200, 0
551, 200, 0
552, 200, 0
553, 200, 0
554, 200, 0
555, 200, 0
556, 200, 0
557, 200, 0
558, 200, 0
559, 200, 0
560, 200, 0
561, 200, 0
562, 200, 0
563, 200, 0
564, 200, 0
565, 200, 0
566, 200, 0
567, 200, 0
568, 200, 0
569, 200, 0
570, 200, 0
571, 200, 0
572, 200, 0
573, 200, 0
574, 200, 0
575, 200, 0
576, 200, 0
577, 200, 0
578, 200, 0
579, 200, 0
580, 200, 0
581, 200, 0
582, 200, 0
583, 200, 0
584, 200, 0
585, 200, 0
586, 200, 0
587, 200, 0
588, 200, 0
589, 200, 0
590, 200, 0
591, 200, 0
592, 200, 0
593, 200, 0
594, 200, 0
595, 200, 0
596, 200, 0
597, 200, 0
598, 200, 0
599, 200, 0
600, 200, 0
601, 200, 0
602, 200, 0
603, 200, 0
604, 200, 0
605, 200, 0
606, 200, 0
607, 200, 0
608, 200, 0
609, 200, 0
610, 200, 0
611, 200, 0
612, 200, 0
613, 200, 0
614, 200, 0
615, 200, 0
616, 200, 0
617, 200, 0
618, 200, 0
619, 200, 0
620, 200, 0
621, 200, 0
622, 200, 0
623, 200, 0
624, 200, 0
625, 200, 0
626, 200, 0
627, 200, 0
628, 200, 0
629, 200, 0
630, 200, 0
631, 200, 0
632, 200, 0
633, 200, 0
634, 200, 0
635, 200, 0
636, 200, 0
637, 200, 0
638, 200, 0
639, 200, 0
640, 200, 0
641, 200, 0
642, 200, 0
643, 200, 0
644, 200, 0
645, 200, 0
646, 200, 0
647, 200, 0
648, 200, 0
649, 200, 0
650, 200, 0
651, 200, 0
652, 200, 0
653, 200, 0
654, 200, 0
655, 200, 0
656, 200, 0
657, 200, 0
658, 200, 0
659, 200, 0
660, 200, 0
661, 200, 0
662, 200, 0
663, 200, 0
664, 200, 0
665, 200, 0
666, 200, 0
667, 200, 0
668, 200, 0
669, 200, 0
670, 200, 0
671, 200, 0
672, 200, 0
673, 200, 0
674, 200, 0
675, 200, 0
676, 200, 0
677, 200, 0
678, 200, 0
679, 200, 0
680, 200, 0
681, 200, 0
682, 200, 0
683, 200, 0
684, 200, 0
685, 200, 0
686, 200, 0
687, 200, 0
688, 200, 0
689, 200, 0
690, 200, 0
691, 200, 0
692, 200, 0
693, 200, 0
694, 200, 0
695, 200, 0
696, 200, 0
697, 200, 0
698, 200, 0
699, 200, 0
700, 200, 0
701, 200, 0
702, 200, 0
703, 200, 0
704, 200, 0
705, 200, 0
706, 200, 0
707, 200, 0
708, 200, 0
709, 200, 0
710, 200, 0
711, 200, 0
712, 200, 0
713, 200, 0
714, 200, 0
715, 200, 0
716, 200, 0
717, 200, 0
718, 200, 0
719, 200, 0
720, 200, 0
721, 200, 0
722, 200, 0
723, 200, 0
724, 200, 0
725, 200, 0
726, 200, 0
727, 200, 0
728, 200, 0
729, 200, 0
730, 200, 0
731, 200, 0
732, 200, 0
733, 200, 0
734, 200, 0
735, 200, 0
736, 200, 0
737, 200, 0
738, 200, 0
739, 200, 0
740, 200, 0
741, 200, 0
742, 200, 0
743, 200, 0
744, 200, 0
745, 200, 0
746, 200, 0
747, 200, 0
748, 200, 0
749, 200, 0
750, 200, 0
751, 200, 0
752, 200, 0
753, 200, 0
754, 200, 0
755, 200, 0
756, 200, 0
757, 200, 0
758, 200, 0
759, 200, 0
760, 200, 0
761, 200, 0
762, 200, 0
763, 200, 0
764, 200, 0
765, 200, 0
766, 200, 0
767, 200, 0
768, 200, 0
769, 200, 0
770, 200, 0
771, 200, 0
772, 200, 0
773, 200, 0
774, 200, 0
775, 200, 0
776, 200, 0
777, 200, 0
778, 200, 0
779, 200, 0
780, 200, 0
781, 200, 0
782, 200, 0
783, 200, 0
784, 200, 0
785, 200, 0
786, 200, 0
787, 200, 0
788, 200, 0
789, 200, 0
790, 200, 0
791, 200, 0
792, 200, 0
793, 200, 0
794, 200, 0
795, 200, 0
796, 200, 0
797, 200, 0
798, 200, 0
799, 200, 0
800, 200, 0
801, 200, 0
802, 200, 0
803, 200, 0
804, 200, 0
805, 200, 0
806, 200, 0
807, 200, 0
808, 200, 0
809, 200, 0
810, 200, 0
811, 200, 0
812, 200, 0
813, 200, 0
814, 200, 0
815, 200, 0
816, 200, 0
817, 200, 0
818, 200, 0
819, 200, 0
820, 200, 0
821, 200, 0
822, 200, 0
823, 200, 0
824, 200, 0
825, 200, 0
826, 200, 0
827, 200, 0
828, 200, 0
829, 200, 0
830, 200, 0
831, 200, 0
832, 200, 0
833, 200, 0
834, 200, 0
835, 200, 0
836, 200, 0
837, 200, 0
838, 200, 0
839, 200, 0
840, 200, 0
841, 200, 0
842, 200, 0
843, 200, 0
844, 200, 0
845, 200, 0
846, 200, 0
847, 200, 0
848, 200, 0
849, 200, 0
850, 200, 0
851, 200, 0
852, 200, 0
853, 200, 0
854, 200, 0
855, 200, 0
856, 200, 0
857, 200, 0
858, 200, 0
859, 200, 0
860, 200, 0
861, 200, 0
862, 200, 0
863, 200, 0
864, 200, 0
865, 200, 0
866, 200, 0
867, 200, 0
868, 200, 0
869, 200, 0
870, 200, 0
871, 200, 0
872, 200, 0
873, 200, 0
874, 200, 0
875, 200, 0
876, 200, 0
877, 200, 0
878, 200, 0
879, 200, 0
880, 200, 0
881, 200, 0
882, 200, 0
883, 200, 0
884, 200, 0
885, 200, 0
886, 200, 0
887, 200, 0
888, 200, 0
889, 200, 0
890, 200, 0
891, 200, 0
892, 200, 0
893, 200, 0
894, 200, 0
895, 200, 0
896, 200, 0
897, 200, 0
898, 200, 0
899, 200, 0
900, 200, 0
901, 200, 0
902, 200, 0
903, 200, 0
904, 200, 0
905, 200, 0
906, 200, 0
907, 200, 0
908, 200, 0
909, 200, 0
910, 200, 0
911, 200, 0
912, 200, 0
913, 200, 0
914, 200, 0
915, 200, 0
916, 200, 0
917, 200, 0
918, 200, 0
919, 200, 0
920, 200, 0
921, 200, 0
922, 200, 0
923, 200, 0
924, 200, 0
925, 200, 0
926, 200, 0
927, 200, 0
928, 200, 0
929, 200, 0
930, 200, 0
931, 200, 0
932, 200, 0
933, 200, 0
934, 200, 0
935, 200, 0
936, 200, 0
937, 200, 0
938, 200, 0
939, 200, 0
940, 200, 0
941, 200, 0
942, 200, 0
943, 200, 0
944, 200, 0
945, 200, 0
946, 200, 0
947, 200, 0
948, 200, 0
949, 200, 0
950, 200, 0
951, 200, 0
952, 200, 0
953, 200, 0
954, 200, 0
955, 200, 0
956, 200, 0
957, 200, 0
958, 200, 0
959, 200, 0
960, 200, 0
961, 200, 0
962, 200, 0
963, 200, 0
964, 200, 0
965, 200, 0
966, 200, 0
967, 200, 0
968, 200, 0
969, 200, 0
970, 200, 0
971, 200, 0
972, 200, 0
973, 200, 0
974, 200, 0
975, 200, 0
976, 200, 0
977, 200, 0
978, 200, 0
979, 200, 0
980, 200, 0
981, 200, 0
982, 200, 0
983, 200, 0
984, 200, 0
985, 200, 0
986, 200, 0
987, 200, 0
988, 200, 0
989, 200, 0
990, 200, 0
991, 200, 0
992, 200, 0
993, 200, 0
994, 200, 0
995, 200, 0
996, 200, 0
997, 200, 0
998, 200, 0
999, 200, 0
1000, 200, 0
1000, 200, 1
0,0, 1
0, 0, 0
0, 1, 0
0, 2, 0
0, 3, 0
0, 4, 0
0, 5, 0
0, 6, 0
0, 7, 0
0, 8, 0
0, 9, 0
0, 10, 0
0, 11, 0
0, 12, 0
0, 13, 0
0, 14, 0
0, 15, 0
0, 16, 0
0, 17, 0
0, 18, 0
0, 19, 0
0, 20, 0
0, 21, 0
0, 22, 0
0, 23, 0
0, 24, 0
0, 25, 0
0, 26, 0
0, 27, 0
0, 28, 0
0, 29, 0
0, 30, 0
0, 31, 0
0, 32, 0
0, 33, 0
0, 34, 0
0, 35, 0
0, 36, 0
0, 37, 0
0, 38, 0
0, 39, 0
0, 40, 0
0, 41, 0
0, 42, 0
0, 43, 0
0, 44, 0
0, 45, 0
0, 46, 0
0, 47, 0
0, 48, 0
0, 49, 0
0, 50, 0
0, 51, 0
0, 52, 0
0, 53, 0
0, 54, 0
0, 55, 0
0, 56, 0
0, 57, 0
0, 58, 0
0, 59, 0
0, 60, 0
0, 61, 0
0, 62, 0
0, 63, 0
0, 64, 0
0, 65, 0
0, 66, 0
0, 67, 0
0, 68, 0
0, 69, 0
0, 70, 0
0, 71, 0
0, 72, 0
0, 73, 0
0, 74, 0
0, 75, 0
0, 76, 0
0, 77, 0
0, 78, 0
0, 79, 0
0, 80, 0
0, 81, 0
0, 82, 0
0, 83, 0
0, 84, 0
0, 85, 0
0, 86, 0
0, 87, 0
0, 88, 0
0, 89, 0
0, 90, 0
0, 91, 0
0, 92, 0
0, 93, 0
0, 94, 0
0, 95, 0
0, 96, 0
0, 97, 0
0, 98, 0
0, 99, 0
0, 100, 0
0, 101, 0
0, 102, 0
0, 103, 0
0, 104, 0
0, 105, 0
0, 106, 0
0, 107, 0
0, 108, 0
0, 109, 0
0, 110, 0
0, 111, 0
0, 112, 0
0, 113, 0
0, 114, 0
0, 115, 0
0, 116, 0
0, 117, 0
0, 118, 0
0, 119, 0
0, 120, 0
0, 121, 0
0, 122, 0
0, 123, 0
0, 124, 0
0, 125, 0
0, 126, 0
0, 127, 0
0, 128, 0
0, 129, 0
0, 130, 0
0, 131, 0
0, 132, 0
0, 133, 0
0, 134, 0
0, 135, 0
0, 136, 0
0, 137, 0
0, 138, 0
0, 139, 0
0, 140, 0
0, 141, 0
0, 142, 0
0, 143, 0
0, 144, 0
0, 145, 0
0, 146, 0
0, 147, 0
0, 148, 0
0, 149, 0
0, 150, 0
0, 151, 0
0, 152, 0
0, 153, 0
0, 154, 0
0, 155, 0
0, 156, 0
0, 157, 0
0, 158, 0
0, 159, 0
0, 160, 0
0, 161, 0
0, 162, 0
0, 163, 0
0, 164, 0
0, 165, 0
0, 166, 0
0, 167, 0
0, 168, 0
0, 169, 0
0, 170, 0
0, 171, 0
0, 172, 0
0, 173, 0
0, 174, 0
0, 175, 0
0, 176, 0
0, 177, 0
0, 178, 0
0, 179, 0
0, 180, 0
0, 181, 0
0, 182, 0
0, 183, 0
0, 184, 0
0, 185, 0
0, 186, 0
0, 187, 0
0, 188, 0
0, 189, 0
0, 190, 0
0, 191, 0
0, 192, 0
0, 193, 0
0, 194, 0
0, 195, 0
0, 196, 0
0, 197, 0
0, 198, 0
0, 199, 0
0, 200, 0
0, 201, 0
0, 202, 0
0, 203, 0
0, 204, 0
0, 205, 0
0, 206, 0
0, 207, 0
0, 208, 0
0, 209, 0
0, 210, 0
0, 211, 0
0, 212, 0
0, 213, 0
0, 214, 0
0, 215, 0
0, 216, 0
0, 217, 0
0, 218, 0
0, 219, 0
0, 220, 0
0, 221, 0
0, 222, 0
0, 223, 0
0, 224, 0
0, 225, 0
0, 226, 0
0, 227, 0
0, 228, 0
0, 229, 0
0, 230, 0
0, 231, 0
0, 232, 0
0, 233, 0
0, 234, 0
0, 235, 0
0, 236, 0
0, 237, 0
0, 238, 0
0, 239, 0
0, 240, 0
0, 241, 0
0, 242, 0
0, 243, 0
0, 244, 0
0, 245, 0
0, 246, 0
0, 247, 0
0, 248, 0
0, 249, 0
0, 250, 0
0, 251, 0
0, 252, 0
0, 253, 0
0, 254, 0
0, 255, 0
0, 256, 0
0, 257, 0
0, 258, 0
0, 259, 0
0, 260, 0
0, 261, 0
0, 262, 0
0, 263, 0
0, 264, 0
0, 265, 0
0, 266, 0
0, 267, 0
0, 268, 0
0, 269, 0
0, 270, 0
0, 271, 0
0, 272, 0
0, 273, 0
0, 274, 0
0, 275, 0
0, 276, 0
0, 277, 0
0, 278, 0
0, 279, 0
0, 280, 0
0, 281, 0
0, 282, 0
0, 283, 0
0, 284, 0
0, 285, 0
0, 286, 0
0, 287, 0
0, 288, 0
0, 289, 0
0, 290, 0
0, 291, 0
0, 292, 0
0, 293, 0
0, 294, 0
0, 295, 0
0, 296, 0
0, 297, 0
0, 298, 0
0, 299, 0
0, 300, 0
0, 301, 0
0, 302, 0
0, 303, 0
0, 304, 0
0, 305, 0
0, 306, 0
0, 307, 0
0, 308, 0
0, 309, 0
0, 310, 0
0, 311, 0
0, 312, 0
0, 313, 0
0, 314, 0
0, 315, 0
0, 316, 0
0, 317, 0
0, 318, 0
0, 319, 0
0, 320, 0
0, 321, 0
0, 322, 0
0, 323, 0
0, 324, 0
0, 325, 0
0, 326, 0
0, 327, 0
0, 328, 0
0, 329, 0
0, 330, 0
0, 331, 0
0, 332, 0
0, 333, 0
0, 334, 0
0, 335, 0
0, 336, 0
0, 337, 0
0, 338, 0
0, 339, 0
0, 340, 0
0, 341, 0
0, 342, 0
0, 343, 0
0, 344, 0
0, 345, 0
0, 346, 0
0, 347, 0
0, 348, 0
0, 349, 0
0, 350, 0
0, 351, 0
0, 352, 0
0, 353, 0
0, 354, 0
0, 355, 0
0, 356, 0
0, 357, 0
0, 358, 0
0, 359, 0
0, 360, 0
0, 361, 0
0, 362, 0
0, 363, 0
0, 364, 0
0, 365, 0
0, 366, 0
0, 367, 0
0, 368, 0
0, 369, 0
0, 370, 0
0, 371, 0
0, 372, 0
0, 373, 0
0, 374, 0
0, 375, 0
0, 376, 0
0, 377, 0
0, 378, 0
0, 379, 0
0, 380, 0
0, 381, 0
0, 382, 0
0, 383, 0
0, 384, 0
0, 385, 0
0, 386, 0
0, 387, 0
0, 388, 0
0, 389, 0
0, 390, 0
0, 391, 0
0, 392, 0
0, 393, 0
0, 394, 0
0, 395, 0
0, 396, 0
0, 397, 0
0, 398, 0
0, 399, 0
0, 400, 0
0, 401, 0
0, 402, 0
0, 403, 0
0, 404, 0
0, 405, 0
0, 406, 0
0, 407, 0
0, 408, 0
0, 409, 0
0, 410, 0
0, 411, 0
0, 412, 0
0, 413, 0
0, 414, 0
0, 415, 0
0, 416, 0
0, 417, 0
0, 418, 0
0, 419, 0
0, 420, 0
0, 421, 0
0, 422, 0
0, 423, 0
0, 424, 0
0, 425, 0
0, 426, 0
0, 427, 0
0, 428, 0
0, 429, 0
0, 430, 0
0, 431, 0
0, 432, 0
0, 433, 0
0, 434, 0
0, 435, 0
0, 436, 0
0, 437, 0
0, 438, 0
0, 439, 0
0, 440, 0
0, 441, 0
0, 442, 0
0, 443, 0
0, 444, 0
0, 445, 0
0, 446, 0
0, 447, 0
0, 448, 0
0, 449, 0
0, 450, 0
0, 451, 0
0, 452, 0
0, 453, 0
0, 454, 0
0, 455, 0
0, 456, 0
0, 457, 0
0, 458, 0
0, 459, 0
0, 460, 0
0, 461, 0
0, 462, 0
0, 463, 0
0, 464, 0
0, 465, 0
0, 466, 0
0, 467, 0
0, 468, 0
0, 469, 0
0, 470, 0
0, 471, 0
0, 472, 0
0, 473, 0
0, 474, 0
0, 475, 0
0, 476, 0
0, 477, 0
0, 478, 0
0, 479, 0
0, 480, 0
0, 481, 0
0, 482, 0
0, 483, 0
0, 484, 0
0, 485, 0
0, 486, 0
0, 487, 0
0, 488, 0
0, 489, 0
0, 490, 0
0, 491, 0
0, 492, 0
0, 493, 0
0, 494, 0
0, 495, 0
0, 496, 0
0, 497, 0
0, 498, 0
0, 499, 0
0, 500, 0
0, 501, 0
0, 502, 0
0, 503, 0
0, 504, 0
0, 505, 0
0, 506, 0
0, 507, 0
0, 508, 0
0, 509, 0
0, 510, 0
0, 511, 0
0, 512, 0
0, 513, 0
0, 514, 0
0, 515, 0
0, 516, 0
0, 517, 0
0, 518, 0
0, 519, 0
0, 520, 0
0, 521, 0
0, 522, 0
0, 523, 0
0, 524, 0
0, 525, 0
0, 526, 0
0, 527, 0
0, 528, 0
0, 529, 0
0, 530, 0
0, 531, 0
0, 532, 0
0, 533, 0
0, 534, 0
0, 535, 0
0, 536, 0
0, 537, 0
0, 538, 0
0, 539, 0
0, 540, 0
0, 541, 0
0, 542, 0
0, 543, 0
0, 544, 0
0, 545, 0
0, 546, 0
0, 547, 0
0, 548, 0
0, 549, 0
0, 550, 0
0, 551, 0
0, 552, 0
0, 553, 0
0, 554, 0
0, 555, 0
0, 556, 0
0, 557, 0
0, 558, 0
0, 559, 0
0, 560, 0
0, 561, 0
0, 562, 0
0, 563, 0
0, 564, 0
0, 565, 0
0, 566, 0
0, 567, 0
0, 568, 0
0, 569, 0
0, 570, 0
0, 571, 0
0, 572, 0
0, 573, 0
0, 574, 0
0, 575, 0
0, 576, 0
0, 577, 0
0, 578, 0
0, 579, 0
0, 580, 0
0, 581, 0
0, 582, 0
0, 583, 0
0, 584, 0
0, 585, 0
0, 586, 0
0, 587, 0
0, 588, 0
0, 589, 0
0, 590, 0
0, 591, 0
0, 592, 0
0, 593, 0
0, 594, 0
0, 595, 0
0, 596, 0
0, 597, 0
0, 598, 0
0, 599, 0
0, 600, 0
0, 601, 0
0, 602, 0
0, 603, 0
0, 604, 0
0, 605, 0
0, 606, 0
0, 607, 0
0, 608, 0
0, 609, 0
0, 610, 0
0, 611, 0
0, 612, 0
0, 613, 0
0, 614, 0
0, 615, 0
0, 616, 0
0, 617, 0
0, 618, 0
0, 619, 0
0, 620, 0
0, 621, 0
0, 622, 0
0, 623, 0
0, 624, 0
0, 625, 0
0, 626, 0
0, 627, 0
0, 628, 0
0, 629, 0
0, 630, 0
0, 631, 0
0, 632, 0
0, 633, 0
0, 634, 0
0, 635, 0
0, 636, 0
0, 637, 0
0, 638, 0
0, 639, 0
0, 640, 0
0, 641, 0
0, 642, 0
0, 643, 0
0, 644, 0
0, 645, 0
0, 646, 0
0, 647, 0
0, 648, 0
0, 649, 0
0, 650, 0
0, 651, 0
0, 652, 0
0, 653, 0
0, 654, 0
0, 655, 0
0, 656, 0
0, 657, 0
0, 658, 0
0, 659, 0
0, 660, 0
0, 661, 0
0, 662, 0
0, 663, 0
0, 664, 0
0, 665, 0
0, 666, 0
0, 667, 0
0, 668, 0
0, 669, 0
0, 670, 0
0, 671, 0
0, 672, 0
0, 673, 0
0, 674, 0
0, 675, 0
0, 676, 0
0, 677, 0
0, 678, 0
0, 679, 0
0, 680, 0
0, 681, 0
0, 682, 0
0, 683, 0
0, 684, 0
0, 685, 0
0, 686, 0
0, 687, 0
0, 688, 0
0, 689, 0
0, 690, 0
0, 691, 0
0, 692, 0
0, 693, 0
0, 694, 0
0, 695, 0
0, 696, 0
0, 697, 0
0, 698, 0
0, 699, 0
0, 700, 0
0, 701, 0
0, 702, 0
0, 703, 0
0, 704, 0
0, 705, 0
0, 706, 0
0, 707, 0
0, 708, 0
0, 709, 0
0, 710, 0
0, 711, 0
0, 712, 0
0, 713, 0
0, 714, 0
0, 715, 0
0, 716, 0
0, 717, 0
0, 718, 0
0, 719, 0
0, 720, 0
0, 721, 0
0, 722, 0
0, 723, 0
0, 724, 0
0, 725, 0
0, 726, 0
0, 727, 0
0, 728, 0
0, 729, 0
0, 730, 0
0, 731, 0
0, 732, 0
0, 733, 0
0, 734, 0
0, 735, 0
0, 736, 0
0, 737, 0
0, 738, 0
0, 739, 0
0, 740, 0
0, 741, 0
0, 742, 0
0, 743, 0
0, 744, 0
0, 745, 0
0, 746, 0
0, 747, 0
0, 748, 0
0, 749, 0
0, 750, 0
0, 751, 0
0, 752, 0
0, 753, 0
0, 754, 0
0, 755, 0
0, 756, 0
0, 757, 0
0, 758, 0
0, 759, 0
0, 760, 0
0, 761, 0
0, 762, 0
0, 763, 0
0, 764, 0
0, 765, 0
0, 766, 0
0, 767, 0
0, 768, 0
0, 769, 0
0, 770, 0
0, 771, 0
0, 772, 0
0, 773, 0
0, 774, 0
0, 775, 0
0, 776, 0
0, 777, 0
0, 778, 0
0, 779, 0
0, 780, 0
0, 781, 0
0, 782, 0
0, 783, 0
0, 784, 0
0, 785, 0
0, 786, 0
0, 787, 0
0, 788, 0
0, 789, 0
0, 790, 0
0, 791, 0
0, 792, 0
0, 793, 0
0, 794, 0
0, 795, 0
0, 796, 0
0, 797, 0
0, 798, 0
0, 799, 0
0, 800, 0
0, 801, 0
0, 802, 0
0, 803, 0
0, 804, 0
0, 805, 0
0, 806, 0
0, 807, 0
0, 808, 0
0, 809, 0
0, 810, 0
0, 811, 0
0, 812, 0
0, 813, 0
0, 814, 0
0, 815, 0
0, 816, 0
0, 817, 0
0, 818, 0
0, 819, 0
0, 820, 0
0, 821, 0
0, 822, 0
0, 823, 0
0, 824, 0
0, 825, 0
0, 826, 0
0, 827, 0
0, 828, 0
0, 829, 0
0, 830, 0
0, 831, 0
0, 832, 0
0, 833, 0
0, 834, 0
0, 835, 0
0, 836, 0
0, 837, 0
0, 838, 0
0, 839, 0
0, 840, 0
0, 841, 0
0, 842, 0
0, 843, 0
0, 844, 0
0, 845, 0
0, 846, 0
0, 847, 0
0, 848, 0
0, 849, 0
0, 850, 0
0, 851, 0
0, 852, 0
0, 853, 0
0, 854, 0
0, 855, 0
0, 856, 0
0, 857, 0
0, 858, 0
0, 859, 0
0, 860, 0
0, 861, 0
0, 862, 0
0, 863, 0
0, 864, 0
0, 865, 0
0, 866, 0
0, 867, 0
0, 868, 0
0, 869, 0
0, 870, 0
0, 871, 0
0, 872, 0
0, 873, 0
0, 874, 0
0, 875, 0
0, 876, 0
0, 877, 0
0, 878, 0
0, 879, 0
0, 880, 0
0, 881, 0
0, 882, 0
0, 883, 0
0, 884, 0
0, 885, 0
0, 886, 0
0, 887, 0
0, 888, 0
0, 889, 0
0, 890, 0
0, 891, 0
0, 892, 0
0, 893, 0
0, 894, 0
0, 895, 0
0, 896, 0
0, 897, 0
0, 898, 0
0, 899, 0
0, 900, 0
0, 901, 0
0, 902, 0
0, 903, 0
0, 904, 0
0, 905, 0
0, 906, 0
0, 907, 0
0, 908, 0
0, 909, 0
0, 910, 0
0, 911, 0
0, 912, 0
0, 913, 0
0, 914, 0
0, 915, 0
0, 916, 0
0, 917, 0
0, 918, 0
0, 919, 0
0, 920, 0
0, 921, 0
0, 922, 0
0, 923, 0
0, 924, 0
0, 925, 0
0, 926, 0
0, 927, 0
0, 928, 0
0, 929, 0
0, 930, 0
0, 931, 0
0, 932, 0
0, 933, 0
0, 934, 0
0, 935, 0
0, 936, 0
0, 937, 0
0, 938, 0
0, 939, 0
0, 940, 0
0, 941, 0
0, 942, 0
0, 943, 0
0, 944, 0
0, 945, 0
0, 946, 0
0, 947, 0
0, 948, 0
0, 949, 0
0, 950, 0
0, 951, 0
0, 952, 0
0, 953, 0
0, 954, 0
0, 955, 0
0, 956, 0
0, 957, 0
0, 958, 0
0, 959, 0
0, 960, 0
0, 961, 0
0, 962, 0
0, 963, 0
0, 964, 0
0, 965, 0
0, 966, 0
0, 967, 0
0, 968, 0
0, 969, 0
0, 970, 0
0, 971, 0
0, 972, 0
0, 973, 0
0, 974, 0
0, 975, 0
0, 976, 0
0, 977, 0
0, 978, 0
0, 979, 0
0, 980, 0
0, 981, 0
0, 982, 0
0, 983, 0
0, 984, 0
0, 985, 0
0, 986, 0
0, 987, 0
0, 988, 0
0, 989, 0
0, 990, 0
0, 991, 0
0, 992, 0
0, 993, 0
0, 994, 0
0, 995, 0
0, 996, 0
0, 997, 0
0, 998, 0
0, 999, 0
0, 1000, 0
0, 1000, 1
200, 0, 1
200, 0, 0
200, 1, 0
200, 2, 0
200, 3, 0
200, 4, 0
200, 5, 0
200, 6, 0
200, 7, 0
200, 8, 0
200, 9, 0
200, 10, 0
200, 11, 0
200, 12, 0
200, 13, 0
200, 14, 0
200, 15, 0
200, 16, 0
200, 17, 0
200, 18, 0
200, 19, 0
200, 20, 0
200, 21, 0
200, 22, 0
200, 23, 0
200, 24, 0
200, 25, 0
200, 26, 0
200, 27, 0
200, 28, 0
200, 29, 0
200, 30, 0
200, 31, 0
200, 32, 0
200, 33, 0
200, 34, 0
200, 35, 0
200, 36, 0
200, 37, 0
200, 38, 0
200, 39, 0
200, 40, 0
200, 41, 0
200, 42, 0
200, 43, 0
200, 44, 0
200, 45, 0
200, 46, 0
200, 47, 0
200, 48, 0
200, 49, 0
200, 50, 0
200, 51, 0
200, 52, 0
200, 53, 0
200, 54, 0
200, 55, 0
200, 56, 0
200, 57, 0
200, 58, 0
200, 59, 0
200, 60, 0
200, 61, 0
200, 62, 0
200, 63, 0
200, 64, 0
200, 65, 0
200, 66, 0
200, 67, 0
200, 68, 0
200, 69, 0
200, 70, 0
200, 71, 0
200, 72, 0
200, 73, 0
200, 74, 0
200, 75, 0
200, 76, 0
200, 77, 0
200, 78, 0
200, 79, 0
200, 80, 0
200, 81, 0
200, 82, 0
200, 83, 0
200, 84, 0
200, 85, 0
200, 86, 0
200, 87, 0
200, 88, 0
200, 89, 0
200, 90, 0
200, 91, 0
200, 92, 0
200, 93, 0
200, 94, 0
200, 95, 0
200, 96, 0
200, 97, 0
200, 98, 0
200, 99, 0
200, 100, 0
200, 101, 0
200, 102, 0
200, 103, 0
200, 104, 0
200, 105, 0
200, 106, 0
200, 107, 0
200, 108, 0
200, 109, 0
200, 110, 0
200, 111, 0
200, 112, 0
200, 113, 0
200, 114, 0
200, 115, 0
200, 116, 0
200, 117, 0
200, 118, 0
200, 119, 0
200, 120, 0
200, 121, 0
200, 122, 0
200, 123, 0
200, 124, 0
200, 125, 0
200, 126, 0
200, 127, 0
200, 128, 0
200, 129, 0
200, 130, 0
200, 131, 0
200, 132, 0
200, 133, 0
200, 134, 0
200, 135, 0
200, 136, 0
200, 137, 0
200, 138, 0
200, 139, 0
200, 140, 0
200, 141, 0
200, 142, 0
200, 143, 0
200, 144, 0
200, 145, 0
200, 146, 0
200, 147, 0
200, 148, 0
200, 149, 0
200, 150, 0
200, 151, 0
200, 152, 0
200, 153, 0
200, 154, 0
200, 155, 0
200, 156, 0
200, 157, 0
200, 158, 0
200, 159, 0
200, 160, 0
200, 161, 0
200, 162, 0
200, 163, 0
200, 164, 0
200, 165, 0
200, 166, 0
200, 167, 0
200, 168, 0
200, 169, 0
200, 170, 0
200, 171, 0
200, 172, 0
200, 173, 0
200, 174, 0
200, 175, 0
200, 176, 0
200, 177, 0
200, 178, 0
200, 179, 0
200, 180, 0
200, 181, 0
200, 182, 0
200, 183, 0
200, 184, 0
200, 185, 0
200, 186, 0
200, 187, 0
200, 188, 0
200, 189, 0
200, 190, 0
200, 191, 0
200, 192, 0
200, 193, 0
200, 194, 0
200, 195, 0
200, 196, 0
200, 197, 0
200, 198, 0
200, 199, 0
200, 200, 0
200, 201, 0
200, 202, 0
200, 203, 0
200, 204, 0
200, 205, 0
200, 206, 0
200, 207, 0
200, 208, 0
200, 209, 0
200, 210, 0
200, 211, 0
200, 212, 0
200, 213, 0
200, 214, 0
200, 215, 0
200, 216, 0
200, 217, 0
200, 218, 0
200, 219, 0
200, 220, 0
200, 221, 0
200, 222, 0
200, 223, 0
200, 224, 0
200, 225, 0
200, 226, 0
200, 227, 0
200, 228, 0
200, 229, 0
200, 230, 0
200, 231, 0
200, 232, 0
200, 233, 0
200, 234, 0
200, 235, 0
200, 236, 0
200, 237, 0
200, 238, 0
200, 239, 0
200, 240, 0
200, 241, 0
200, 242, 0
200, 243, 0
200, 244, 0
200, 245, 0
200, 246, 0
200, 247, 0
200, 248, 0
200, 249, 0
200, 250, 0
200, 251, 0
200, 252, 0
200, 253, 0
200, 254, 0
200, 255, 0
200, 256, 0
200, 257, 0
200, 258, 0
200, 259, 0
200, 260, 0
200, 261, 0
200, 262, 0
200, 263, 0
200, 264, 0
200, 265, 0
200, 266, 0
200, 267, 0
200, 268, 0
200, 269, 0
200, 270, 0
200, 271, 0
200, 272, 0
200, 273, 0
200, 274, 0
200, 275, 0
200, 276, 0
200, 277, 0
200, 278, 0
200, 279, 0
200, 280, 0
200, 281, 0
200, 282, 0
200, 283, 0
200, 284, 0
200, 285, 0
200, 286, 0
200, 287, 0
200, 288, 0
200, 289, 0
200, 290, 0
200, 291, 0
200, 292, 0
200, 293, 0
200, 294, 0
200, 295, 0
200, 296, 0
200, 297, 0
200, 298, 0
200, 299, 0
200, 300, 0
200, 301, 0
200, 302, 0
200, 303, 0
200, 304, 0
200, 305, 0
200, 306, 0
200, 307, 0
200, 308, 0
200, 309, 0
200, 310, 0
200, 311, 0
200, 312, 0
200, 313, 0
200, 314, 0
200, 315, 0
200, 316, 0
200, 317, 0
200, 318, 0
200, 319, 0
200, 320, 0
200, 321, 0
200, 322, 0
200, 323, 0
200, 324, 0
200, 325, 0
200, 326, 0
200, 327, 0
200, 328, 0
200, 329, 0
200, 330, 0
200, 331, 0
200, 332, 0
200, 333, 0
200, 334, 0
200, 335, 0
200, 336, 0
200, 337, 0
200, 338, 0
200, 339, 0
200, 340, 0
200, 341, 0
200, 342, 0
200, 343, 0
200, 344, 0
200, 345, 0
200, 346, 0
200, 347, 0
200, 348, 0
200, 349, 0
200, 350, 0
200, 351, 0
200, 352, 0
200, 353, 0
200, 354, 0
200, 355, 0
200, 356, 0
200, 357, 0
200, 358, 0
200, 359, 0
200, 360, 0
200, 361, 0
200, 362, 0
200, 363, 0
200, 364, 0
200, 365, 0
200, 366, 0
200, 367, 0
200, 368, 0
200, 369, 0
200, 370, 0
200, 371, 0
200, 372, 0
200, 373, 0
200, 374, 0
200, 375, 0
200, 376, 0
200, 377, 0
200, 378, 0
200, 379, 0
200, 380, 0
200, 381, 0
200, 382, 0
200, 383, 0
200, 384, 0
200, 385, 0
200, 386, 0
200, 387, 0
200, 388, 0
200, 389, 0
200, 390, 0
200, 391, 0
200, 392, 0
200, 393, 0
200, 394, 0
200, 395, 0
200, 396, 0
200, 397, 0
200, 398, 0
200, 399, 0
200, 400, 0
200, 401, 0
200, 402, 0
200, 403, 0
200, 404, 0
200, 405, 0
200, 406, 0
200, 407, 0
200, 408, 0
200, 409, 0
200, 410, 0
200, 411, 0
200, 412, 0
200, 413, 0
200, 414, 0
200, 415, 0
200, 416, 0
200, 417, 0
200, 418, 0
200, 419, 0
200, 420, 0
200, 421, 0
200, 422, 0
200, 423, 0
200, 424, 0
200, 425, 0
200, 426, 0
200, 427, 0
200, 428, 0
200, 429, 0
200, 430, 0
200, 431, 0
200, 432, 0
200, 433, 0
200, 434, 0
200, 435, 0
200, 436, 0
200, 437, 0
200, 438, 0
200, 439, 0
200, 440, 0
200, 441, 0
200, 442, 0
200, 443, 0
200, 444, 0
200, 445, 0
200, 446, 0
200, 447, 0
200, 448, 0
200, 449, 0
200, 450, 0
200, 451, 0
200, 452, 0
200, 453, 0
200, 454, 0
200, 455, 0
200, 456, 0
200, 457, 0
200, 458, 0
200, 459, 0
200, 460, 0
200, 461, 0
200, 462, 0
200, 463, 0
200, 464, 0
200, 465, 0
200, 466, 0
200, 467, 0
200, 468, 0
200, 469, 0
200, 470, 0
200, 471, 0
200, 472, 0
200, 473, 0
200, 474, 0
200, 475, 0
200, 476, 0
200, 477, 0
200, 478, 0
200, 479, 0
200, 480, 0
200, 481, 0
200, 482, 0
200, 483, 0
200, 484, 0
200, 485, 0
200, 486, 0
200, 487, 0
200, 488, 0
200, 489, 0
200, 490, 0
200, 491, 0
200, 492, 0
200, 493, 0
200, 494, 0
200, 495, 0
200, 496, 0
200, 497, 0
200, 498, 0
200, 499, 0
200, 500, 0
200, 501, 0
200, 502, 0
200, 503, 0
200, 504, 0
200, 505, 0
200, 506, 0
200, 507, 0
200, 508, 0
200, 509, 0
200, 510, 0
200, 511, 0
200, 512, 0
200, 513, 0
200, 514, 0
200, 515, 0
200, 516, 0
200, 517, 0
200, 518, 0
200, 519, 0
200, 520, 0
200, 521, 0
200, 522, 0
200, 523, 0
200, 524, 0
200, 525, 0
200, 526, 0
200, 527, 0
200, 528, 0
200, 529, 0
200, 530, 0
200, 531, 0
200, 532, 0
200, 533, 0
200, 534, 0
200, 535, 0
200, 536, 0
200, 537, 0
200, 538, 0
200, 539, 0
200, 540, 0
200, 541, 0
200, 542, 0
200, 543, 0
200, 544, 0
200, 545, 0
200, 546, 0
200, 547, 0
200, 548, 0
200, 549, 0
200, 550, 0
200, 551, 0
200, 552, 0
200, 553, 0
200, 554, 0
200, 555, 0
200, 556, 0
200, 557, 0
200, 558, 0
200, 559, 0
200, 560, 0
200, 561, 0
200, 562, 0
200, 563, 0
200, 564, 0
200, 565, 0
200, 566, 0
200, 567, 0
200, 568, 0
200, 569, 0
200, 570, 0
200, 571, 0
200, 572, 0
200, 573, 0
200, 574, 0
200, 575, 0
200, 576, 0
200, 577, 0
200, 578, 0
200, 579, 0
200, 580, 0
200, 581, 0
200, 582, 0
200, 583, 0
200, 584, 0
200, 585, 0
200, 586, 0
200, 587, 0
200, 588, 0
200, 589, 0
200, 590, 0
200, 591, 0
200, 592, 0
200, 593, 0
200, 594, 0
200, 595, 0
200, 596, 0
200, 597, 0
200, 598, 0
200, 599, 0
200, 600, 0
200, 601, 0
200, 602, 0
200, 603, 0
200, 604, 0
200, 605, 0
200, 606, 0
200, 607, 0
200, 608, 0
200, 609, 0
200, 610, 0
200, 611, 0
200, 612, 0
200, 613, 0
200, 614, 0
200, 615, 0
200, 616, 0
200, 617, 0
200, 618, 0
200, 619, 0
200, 620, 0
200, 621, 0
200, 622, 0
200, 623, 0
200, 624, 0
200, 625, 0
200, 626, 0
200, 627, 0
200, 628, 0
200, 629, 0
200, 630, 0
200, 631, 0
200, 632, 0
200, 633, 0
200, 634, 0
200, 635, 0
200, 636, 0
200, 637, 0
200, 638, 0
200, 639, 0
200, 640, 0
200, 641, 0
200, 642, 0
200, 643, 0
200, 644, 0
200, 645, 0
200, 646, 0
200, 647, 0
200, 648, 0
200, 649, 0
200, 650, 0
200, 651, 0
200, 652, 0
200, 653, 0
200, 654, 0
200, 655, 0
200, 656, 0
200, 657, 0
200, 658, 0
200, 659, 0
200, 660, 0
200, 661, 0
200, 662, 0
200, 663, 0
200, 664, 0
200, 665, 0
200, 666, 0
200, 667, 0
200, 668, 0
200, 669, 0
200, 670, 0
200, 671, 0
200, 672, 0
200, 673, 0
200, 674, 0
200, 675, 0
200, 676, 0
200, 677, 0
200, 678, 0
200, 679, 0
200, 680, 0
200, 681, 0
200, 682, 0
200, 683, 0
200, 684, 0
200, 685, 0
200, 686, 0
200, 687, 0
200, 688, 0
200, 689, 0
200, 690, 0
200, 691, 0
200, 692, 0
200, 693, 0
200, 694, 0
200, 695, 0
200, 696, 0
200, 697, 0
200, 698, 0
200, 699, 0
200, 700, 0
200, 701, 0
200, 702, 0
200, 703, 0
200, 704, 0
200, 705, 0
200, 706, 0
200, 707, 0
200, 708, 0
200, 709, 0
200, 710, 0
200, 711, 0
200, 712, 0
200, 713, 0
200, 714, 0
200, 715, 0
200, 716, 0
200, 717, 0
200, 718, 0
200, 719, 0
200, 720, 0
200, 721, 0
200, 722, 0
200, 723, 0
200, 724, 0
200, 725, 0
200, 726, 0
200, 727, 0
200, 728, 0
200, 729, 0
200, 730, 0
200, 731, 0
200, 732, 0
200, 733, 0
200, 734, 0
200, 735, 0
200, 736, 0
200, 737, 0
200, 738, 0
200, 739, 0
200, 740, 0
200, 741, 0
200, 742, 0
200, 743, 0
200, 744, 0
200, 745, 0
200, 746, 0
200, 747, 0
200, 748, 0
200, 749, 0
200, 750, 0
200, 751, 0
200, 752, 0
200, 753, 0
200, 754, 0
200, 755, 0
200, 756, 0
200, 757, 0
200, 758, 0
200, 759, 0
200, 760, 0
200, 761, 0
200, 762, 0
200, 763, 0
200, 764, 0
200, 765, 0
200, 766, 0
200, 767, 0
200, 768, 0
200, 769, 0
200, 770, 0
200, 771, 0
200, 772, 0
200, 773, 0
200, 774, 0
200, 775, 0
200, 776, 0
200, 777, 0
200, 778, 0
200, 779, 0
200, 780, 0
200, 781, 0
200, 782, 0
200, 783, 0
200, 784, 0
200, 785, 0
200, 786, 0
200, 787, 0
200, 788, 0
200, 789, 0
200, 790, 0
200, 791, 0
200, 792, 0
200, 793, 0
200, 794, 0
200, 795, 0
200, 796, 0
200, 797, 0
200, 798, 0
200, 799, 0
200, 800, 0
200, 801, 0
200, 802, 0
200, 803, 0
200, 804, 0
200, 805, 0
200, 806, 0
200, 807, 0
200, 808, 0
200, 809, 0
200, 810, 0
200, 811, 0
200, 812, 0
200, 813, 0
200, 814, 0
200, 815, 0
200, 816, 0
200, 817, 0
200, 818, 0
200, 819, 0
200, 820, 0
200, 821, 0
200, 822, 0
200, 823, 0
200, 824, 0
200, 825, 0
200, 826, 0
200, 827, 0
200, 828, 0
200, 829, 0
200, 830, 0
200, 831, 0
200, 832, 0
200, 833, 0
200, 834, 0
200, 835, 0
200, 836, 0
200, 837, 0
200, 838, 0
200, 839, 0
200, 840, 0
200, 841, 0
200, 842, 0
200, 843, 0
200, 844, 0
200, 845, 0
200, 846, 0
200, 847, 0
200, 848, 0
200, 849, 0
200, 850, 0
200, 851, 0
200, 852, 0
200, 853, 0
200, 854, 0
200, 855, 0
200, 856, 0
200, 857, 0
200, 858, 0
200, 859, 0
200, 860, 0
200, 861, 0
200, 862, 0
200, 863, 0
200, 864, 0
200, 865, 0
200, 866, 0
200, 867, 0
200, 868, 0
200, 869, 0
200, 870, 0
200, 871, 0
200, 872, 0
200, 873, 0
200, 874, 0
200, 875, 0
200, 876, 0
200, 877, 0
200, 878, 0
200, 879, 0
200, 880, 0
200, 881, 0
200, 882, 0
200, 883, 0
200, 884, 0
200, 885, 0
200, 886, 0
200, 887, 0
200, 888, 0
200, 889, 0
200, 890, 0
200, 891, 0
200, 892, 0
200, 893, 0
200, 894, 0
200, 895, 0
200, 896, 0
200, 897, 0
200, 898, 0
200, 899, 0
200, 900, 0
200, 901, 0
200, 902, 0
200, 903, 0
200, 904, 0
200, 905, 0
200, 906, 0
200, 907, 0
200, 908, 0
200, 909, 0
200, 910, 0
200, 911, 0
200, 912, 0
200, 913, 0
200, 914, 0
200, 915, 0
200, 916, 0
200, 917, 0
200, 918, 0
200, 919, 0
200, 920, 0
200, 921, 0
200, 922, 0
200, 923, 0
200, 924, 0
200, 925, 0
200, 926, 0
200, 927, 0
200, 928, 0
200, 929, 0
200, 930, 0
200, 931, 0
200, 932, 0
200, 933, 0
200, 934, 0
200, 935, 0
200, 936, 0
200, 937, 0
200, 938, 0
200, 939, 0
200, 940, 0
200, 941, 0
200, 942, 0
200, 943, 0
200, 944, 0
200, 945, 0
200, 946, 0
200, 947, 0
200, 948, 0
200, 949, 0
200, 950, 0
200, 951, 0
200, 952, 0
200, 953, 0
200, 954, 0
200, 955, 0
200, 956, 0
200, 957, 0
200, 958, 0
200, 959, 0
200, 960, 0
200, 961, 0
200, 962, 0
200, 963, 0
200, 964, 0
200, 965, 0
200, 966, 0
200, 967, 0
200, 968, 0
200, 969, 0
200, 970, 0
200, 971, 0
200, 972, 0
200, 973, 0
200, 974, 0
200, 975, 0
200, 976, 0
200, 977, 0
200, 978, 0
200, 979, 0
200, 980, 0
200, 981, 0
200, 982, 0
200, 983, 0
200, 984, 0
200, 985, 0
200, 986, 0
200, 987, 0
200, 988, 0
200, 989, 0
200, 990, 0
200, 991, 0
200, 992, 0
200, 993, 0
200, 994, 0
200, 995, 0
200, 996, 0
200, 997, 0
200, 998, 0
200, 999, 0
200, 1000, 0
