0, 0, 0
100, 0, 0
200, 0, 0
300, 0, 0
400, 0, 0
500, 0, 0
600, 0, 0
700, 0, 0
800, 0, 0
900, 0, 0
1000, 0, 0
1100, 0, 0
1200, 0, 0
1300, 0, 0
1400, 0, 0
1500, 0, 0
1600, 0, 0
1700, 0, 0
1800, 0, 0
1900, 0, 0
2000, 0, 0
2100, 0, 0
2200, 0, 0
2300, 0, 0
2400, 0, 0
2500, 0, 0
2600, 0, 0
2700, 0, 0
2800, 0, 0
2900, 0, 0
3000, 0, 0
3100, 0, 0
3200, 0, 0
3300, 0, 0
3400, 0, 0
3500, 0, 0
3600, 0, 0
3700, 0, 0
3800, 0, 0
3900, 0, 0
4000, 0, 0
4100, 0, 0
4200, 0, 0
4300, 0, 0
4400, 0, 0
4500, 0, 0
4600, 0, 0
4700, 0, 0
4800, 0, 0
4900, 0, 0
5000, 0, 0
5100, 0, 0
5200, 0, 0
5300, 0, 0
5400, 0, 0
5500, 0, 0
5600, 0, 0
5700, 0, 0
5800, 0, 0
5900, 0, 0
6000, 0, 0
6100, 0, 0
6200, 0, 0
6300, 0, 0
6400, 0, 0
6500, 0, 0
6600, 0, 0
6700, 0, 0
6800, 0, 0
6900, 0, 0
7000, 0, 0
7100, 0, 0
7200, 0, 0
7300, 0, 0
7400, 0, 0
7500, 0, 0
7600, 0, 0
7700, 0, 0
7800, 0, 0
7900, 0, 0
8000, 0, 0
8100, 0, 0
8200, 0, 0
8300, 0, 0
8400, 0, 0
8500, 0, 0
8600, 0, 0
8700, 0, 0
8800, 0, 0
8900, 0, 0
9000, 0, 0
9100, 0, 0
9200, 0, 0
9300, 0, 0
9400, 0, 0
9500, 0, 0
9600, 0, 0
9700, 0, 0
9800, 0, 0
9900, 0, 0
10000, 0, 0
10100, 0, 0
10200, 0, 0
10300, 0, 0
10400, 0, 0
10500, 0, 0
10600, 0, 0
10700, 0, 0
10800, 0, 0
10900, 0, 0
11000, 0, 0
11100, 0, 0
11200, 0, 0
11300, 0, 0
11400, 0, 0
11500, 0, 0
11600, 0, 0
11700, 0, 0
11800, 0, 0
11900, 0, 0
12000, 0, 0
12100, 0, 0
12200, 0, 0
12300, 0, 0
12400, 0, 0
12500, 0, 0
12600, 0, 0
12700, 0, 0
12800, 0, 0
12900, 0, 0
13000, 0, 0
13100, 0, 0
13200, 0, 0
13300, 0, 0
13400, 0, 0
13500, 0, 0
13600, 0, 0
13700, 0, 0
13800, 0, 0
13900, 0, 0
14000, 0, 0
14100, 0, 0
14200, 0, 0
14300, 0, 0
14400, 0, 0
14500, 0, 0
14600, 0, 0
14700, 0, 0
14800, 0, 0
14900, 0, 0
15000, 0, 0
15100, 0, 0
15200, 0, 0
15300, 0, 0
15400, 0, 0
15500, 0, 0
15600, 0, 0
15700, 0, 0
15800, 0, 0
15900, 0, 0
16000, 0, 0
16100, 0, 0
16200, 0, 0
16300, 0, 0
16400, 0, 0
16500, 0, 0
16600, 0, 0
16700, 0, 0
16800, 0, 0
16900, 0, 0
17000, 0, 0
17100, 0, 0
17200, 0, 0
17300, 0, 0
17400, 0, 0
17500, 0, 0
17600, 0, 0
17700, 0, 0
17800, 0, 0
17900, 0, 0
18000, 0, 0
18100, 0, 0
18200, 0, 0
18300, 0, 0
18400, 0, 0
18500, 0, 0
18600, 0, 0
18700, 0, 0
18800, 0, 0
18900, 0, 0
19000, 0, 0
19100, 0, 0
19200, 0, 0
19300, 0, 0
19400, 0, 0
19500, 0, 0
19600, 0, 0
19700, 0, 0
19800, 0, 0
19900, 0, 0
20000, 0, 0
20100, 0, 0
20200, 0, 0
20300, 0, 0
20400, 0, 0
20500, 0, 0
20600, 0, 0
20700, 0, 0
20800, 0, 0
20900, 0, 0
21000, 0, 0
21100, 0, 0
21200, 0, 0
21300, 0, 0
21400, 0, 0
21500, 0, 0
21600, 0, 0
21700, 0, 0
21800, 0, 0
21900, 0, 0
22000, 0, 0
22100, 0, 0
22200, 0, 0
22300, 0, 0
22400, 0, 0
22500, 0, 0
22600, 0, 0
22700, 0, 0
22800, 0, 0
22900, 0, 0
23000, 0, 0
23100, 0, 0
23200, 0, 0
23300, 0, 0
23400, 0, 0
23500, 0, 0
23600, 0, 0
23700, 0, 0
23800, 0, 0
23900, 0, 0
24000, 0, 0
24100, 0, 0
24200, 0, 0
24300, 0, 0
24400, 0, 0
24500, 0, 0
24600, 0, 0
24700, 0, 0
24800, 0, 0
24900, 0, 0
25000, 0, 0
25100, 0, 0
25200, 0, 0
25300, 0, 0
25400, 0, 0
25500, 0, 0
25600, 0, 0
25700, 0, 0
25800, 0, 0
25900, 0, 0
26000, 0, 0
26100, 0, 0
26200, 0, 0
26300, 0, 0
26400, 0, 0
26500, 0, 0
26600, 0, 0
26700, 0, 0
26800, 0, 0
26900, 0, 0
27000, 0, 0
27100, 0, 0
27200, 0, 0
27300, 0, 0
27400, 0, 0
27500, 0, 0
27600, 0, 0
27700, 0, 0
27800, 0, 0
27900, 0, 0
28000, 0, 0
28100, 0, 0
28200, 0, 0
28300, 0, 0
28400, 0, 0
28500, 0, 0
28600, 0, 0
28700, 0, 0
28800, 0, 0
28900, 0, 0
29000, 0, 0
29100, 0, 0
29200, 0, 0
29300, 0, 0
29400, 0, 0
29500, 0, 0
29600, 0, 0
29700, 0, 0
29800, 0, 0
29900, 0, 0
30000, 0, 0
30100, 0, 0
30200, 0, 0
30300, 0, 0
30400, 0, 0
30500, 0, 0
30600, 0, 0
30700, 0, 0
30800, 0, 0
30900, 0, 0
31000, 0, 0
31100, 0, 0
31200, 0, 0
31300, 0, 0
31400, 0, 0
31500, 0, 0
31600, 0, 0
31700, 0, 0
31800, 0, 0
31900, 0, 0
32000, 0, 0
32100, 0, 0
32200, 0, 0
32300, 0, 0
32400, 0, 0
32500, 0, 0
32600, 0, 0
32700, 0, 0
32800, 0, 0
32900, 0, 0
33000, 0, 0
33100, 0, 0
33200, 0, 0
33300, 0, 0
33400, 0, 0
33500, 0, 0
33600, 0, 0
33700, 0, 0
33800, 0, 0
33900, 0, 0
34000, 0, 0
34100, 0, 0
34200, 0, 0
34300, 0, 0
34400, 0, 0
34500, 0, 0
34600, 0, 0
34700, 0, 0
34800, 0, 0
34900, 0, 0
35000, 0, 0
35100, 0, 0
35200, 0, 0
35300, 0, 0
35400, 0, 0
35500, 0, 0
35600, 0, 0
35700, 0, 0
35800, 0, 0
35900, 0, 0
36000, 0, 0
36100, 0, 0
36200, 0, 0
36300, 0, 0
36400, 0, 0
36500, 0, 0
36600, 0, 0
36700, 0, 0
36800, 0, 0
36900, 0, 0
37000, 0, 0
37100, 0, 0
37200, 0, 0
37300, 0, 0
37400, 0, 0
37500, 0, 0
37600, 0, 0
37700, 0, 0
37800, 0, 0
37900, 0, 0
38000, 0, 0
38100, 0, 0
38200, 0, 0
38300, 0, 0
38400, 0, 0
38500, 0, 0
38600, 0, 0
38700, 0, 0
38800, 0, 0
38900, 0, 0
39000, 0, 0
39100, 0, 0
39200, 0, 0
39300, 0, 0
39400, 0, 0
39500, 0, 0
39600, 0, 0
39700, 0, 0
39800, 0, 0
39900, 0, 0
40000, 0, 0
40000, 0, 1
0, 4000, 1
0, 4000, 0
100, 4000, 0
200, 4000, 0
300, 4000, 0
400, 4000, 0
500, 4000, 0
600, 4000, 0
700, 4000, 0
800, 4000, 0
900, 4000, 0
1000, 4000, 0
1100, 4000, 0
1200, 4000, 0
1300, 4000, 0
1400, 4000, 0
1500, 4000, 0
1600, 4000, 0
1700, 4000, 0
1800, 4000, 0
1900, 4000, 0
2000, 4000, 0
2100, 4000, 0
2200, 4000, 0
2300, 4000, 0
2400, 4000, 0
2500, 4000, 0
2600, 4000, 0
2700, 4000, 0
2800, 4000, 0
2900, 4000, 0
3000, 4000, 0
3100, 4000, 0
3200, 4000, 0
3300, 4000, 0
3400, 4000, 0
3500, 4000, 0
3600, 4000, 0
3700, 4000, 0
3800, 4000, 0
3900, 4000, 0
4000, 4000, 0
4100, 4000, 0
4200, 4000, 0
4300, 4000, 0
4400, 4000, 0
4500, 4000, 0
4600, 4000, 0
4700, 4000, 0
4800, 4000, 0
4900, 4000, 0
5000, 4000, 0
5100, 4000, 0
5200, 4000, 0
5300, 4000, 0
5400, 4000, 0
5500, 4000, 0
5600, 4000, 0
5700, 4000, 0
5800, 4000, 0
5900, 4000, 0
6000, 4000, 0
6100, 4000, 0
6200, 4000, 0
6300, 4000, 0
6400, 4000, 0
6500, 4000, 0
6600, 4000, 0
6700, 4000, 0
6800, 4000, 0
6900, 4000, 0
7000, 4000, 0
7100, 4000, 0
7200, 4000, 0
7300, 4000, 0
7400, 4000, 0
7500, 4000, 0
7600, 4000, 0
7700, 4000, 0
7800, 4000, 0
7900, 4000, 0
8000, 4000, 0
8100, 4000, 0
8200, 4000, 0
8300, 4000, 0
8400, 4000, 0
8500, 4000, 0
8600, 4000, 0
8700, 4000, 0
8800, 4000, 0
8900, 4000, 0
9000, 4000, 0
9100, 4000, 0
9200, 4000, 0
9300, 4000, 0
9400, 4000, 0
9500, 4000, 0
9600, 4000, 0
9700, 4000, 0
9800, 4000, 0
9900, 4000, 0
10000, 4000, 0
10100, 4000, 0
10200, 4000, 0
10300, 4000, 0
10400, 4000, 0
10500, 4000, 0
10600, 4000, 0
10700, 4000, 0
10800, 4000, 0
10900, 4000, 0
11000, 4000, 0
11100, 4000, 0
11200, 4000, 0
11300, 4000, 0
11400, 4000, 0
11500, 4000, 0
11600, 4000, 0
11700, 4000, 0
11800, 4000, 0
11900, 4000, 0
12000, 4000, 0
12100, 4000, 0
12200, 4000, 0
12300, 4000, 0
12400, 4000, 0
12500, 4000, 0
12600, 4000, 0
12700, 4000, 0
12800, 4000, 0
12900, 4000, 0
13000, 4000, 0
13100, 4000, 0
13200, 4000, 0
13300, 4000, 0
13400, 4000, 0
13500, 4000, 0
13600, 4000, 0
13700, 4000, 0
13800, 4000, 0
13900, 4000, 0
14000, 4000, 0
14100, 4000, 0
14200, 4000, 0
14300, 4000, 0
14400, 4000, 0
14500, 4000, 0
14600, 4000, 0
14700, 4000, 0
14800, 4000, 0
14900, 4000, 0
15000, 4000, 0
15100, 4000, 0
15200, 4000, 0
15300, 4000, 0
15400, 4000, 0
15500, 4000, 0
15600, 4000, 0
15700, 4000, 0
15800, 4000, 0
15900, 4000, 0
16000, 4000, 0
16100, 4000, 0
16200, 4000, 0
16300, 4000, 0
16400, 4000, 0
16500, 4000, 0
16600, 4000, 0
16700, 4000, 0
16800, 4000, 0
16900, 4000, 0
17000, 4000, 0
17100, 4000, 0
17200, 4000, 0
17300, 4000, 0
17400, 4000, 0
17500, 4000, 0
17600, 4000, 0
17700, 4000, 0
17800, 4000, 0
17900, 4000, 0
18000, 4000, 0
18100, 4000, 0
18200, 4000, 0
18300, 4000, 0
18400, 4000, 0
18500, 4000, 0
18600, 4000, 0
18700, 4000, 0
18800, 4000, 0
18900, 4000, 0
19000, 4000, 0
19100, 4000, 0
19200, 4000, 0
19300, 4000, 0
19400, 4000, 0
19500, 4000, 0
19600, 4000, 0
19700, 4000, 0
19800, 4000, 0
19900, 4000, 0
20000, 4000, 0
20100, 4000, 0
20200, 4000, 0
20300, 4000, 0
20400, 4000, 0
20500, 4000, 0
20600, 4000, 0
20700, 4000, 0
20800, 4000, 0
20900, 4000, 0
21000, 4000, 0
21100, 4000, 0
21200, 4000, 0
21300, 4000, 0
21400, 4000, 0
21500, 4000, 0
21600, 4000, 0
21700, 4000, 0
21800, 4000, 0
21900, 4000, 0
22000, 4000, 0
22100, 4000, 0
22200, 4000, 0
22300, 4000, 0
22400, 4000, 0
22500, 4000, 0
22600, 4000, 0
22700, 4000, 0
22800, 4000, 0
22900, 4000, 0
23000, 4000, 0
23100, 4000, 0
23200, 4000, 0
23300, 4000, 0
23400, 4000, 0
23500, 4000, 0
23600, 4000, 0
23700, 4000, 0
23800, 4000, 0
23900, 4000, 0
24000, 4000, 0
24100, 4000, 0
24200, 4000, 0
24300, 4000, 0
24400, 4000, 0
24500, 4000, 0
24600, 4000, 0
24700, 4000, 0
24800, 4000, 0
24900, 4000, 0
25000, 4000, 0
25100, 4000, 0
25200, 4000, 0
25300, 4000, 0
25400, 4000, 0
25500, 4000, 0
25600, 4000, 0
25700, 4000, 0
25800, 4000, 0
25900, 4000, 0
26000, 4000, 0
26100, 4000, 0
26200, 4000, 0
26300, 4000, 0
26400, 4000, 0
26500, 4000, 0
26600, 4000, 0
26700, 4000, 0
26800, 4000, 0
26900, 4000, 0
27000, 4000, 0
27100, 4000, 0
27200, 4000, 0
27300, 4000, 0
27400, 4000, 0
27500, 4000, 0
27600, 4000, 0
27700, 4000, 0
27800, 4000, 0
27900, 4000, 0
28000, 4000, 0
28100, 4000, 0
28200, 4000, 0
28300, 4000, 0
28400, 4000, 0
28500, 4000, 0
28600, 4000, 0
28700, 4000, 0
28800, 4000, 0
28900, 4000, 0
29000, 4000, 0
29100, 4000, 0
29200, 4000, 0
29300, 4000, 0
29400, 4000, 0
29500, 4000, 0
29600, 4000, 0
29700, 4000, 0
29800, 4000, 0
29900, 4000, 0
30000, 4000, 0
30100, 4000, 0
30200, 4000, 0
30300, 4000, 0
30400, 4000, 0
30500, 4000, 0
30600, 4000, 0
30700, 4000, 0
30800, 4000, 0
30900, 4000, 0
31000, 4000, 0
31100, 4000, 0
31200, 4000, 0
31300, 4000, 0
31400, 4000, 0
31500, 4000, 0
31600, 4000, 0
31700, 4000, 0
31800, 4000, 0
31900, 4000, 0
32000, 4000, 0
32100, 4000, 0
32200, 4000, 0
32300, 4000, 0
32400, 4000, 0
32500, 4000, 0
32600, 4000, 0
32700, 4000, 0
32800, 4000, 0
32900, 4000, 0
33000, 4000, 0
33100, 4000, 0
33200, 4000, 0
33300, 4000, 0
33400, 4000, 0
33500, 4000, 0
33600, 4000, 0
33700, 4000, 0
33800, 4000, 0
33900, 4000, 0
34000, 4000, 0
34100, 4000, 0
34200, 4000, 0
34300, 4000, 0
34400, 4000, 0
34500, 4000, 0
34600, 4000, 0
34700, 4000, 0
34800, 4000, 0
34900, 4000, 0
35000, 4000, 0
35100, 4000, 0
35200, 4000, 0
35300, 4000, 0
35400, 4000, 0
35500, 4000, 0
35600, 4000, 0
35700, 4000, 0
35800, 4000, 0
35900, 4000, 0
36000, 4000, 0
36100, 4000, 0
36200, 4000, 0
36300, 4000, 0
36400, 4000, 0
36500, 4000, 0
36600, 4000, 0
36700, 4000, 0
36800, 4000, 0
36900, 4000, 0
37000, 4000, 0
37100, 4000, 0
37200, 4000, 0
37300, 4000, 0
37400, 4000, 0
37500, 4000, 0
37600, 4000, 0
37700, 4000, 0
37800, 4000, 0
37900, 4000, 0
38000, 4000, 0
38100, 4000, 0
38200, 4000, 0
38300, 4000, 0
38400, 4000, 0
38500, 4000, 0
38600, 4000, 0
38700, 4000, 0
38800, 4000, 0
38900, 4000, 0
39000, 4000, 0
39100, 4000, 0
39200, 4000, 0
39300, 4000, 0
39400, 4000, 0
39500, 4000, 0
39600, 4000, 0
39700, 4000, 0
39800, 4000, 0
39900, 4000, 0
40000, 4000, 0
40000, 4000, 1
0, 8000, 1
0, 8000, 0
100, 8000, 0
200, 8000, 0
300, 8000, 0
400, 8000, 0
500, 8000, 0
600, 8000, 0
700, 8000, 0
800, 8000, 0
900, 8000, 0
1000, 8000, 0
1100, 8000, 0
1200, 8000, 0
1300, 8000, 0
1400, 8000, 0
1500, 8000, 0
1600, 8000, 0
1700, 8000, 0
1800, 8000, 0
1900, 8000, 0
2000, 8000, 0
2100, 8000, 0
2200, 8000, 0
2300, 8000, 0
2400, 8000, 0
2500, 8000, 0
2600, 8000, 0
2700, 8000, 0
2800, 8000, 0
2900, 8000, 0
3000, 8000, 0
3100, 8000, 0
3200, 8000, 0
3300, 8000, 0
3400, 8000, 0
3500, 8000, 0
3600, 8000, 0
3700, 8000, 0
3800, 8000, 0
3900, 8000, 0
4000, 8000, 0
4100, 8000, 0
4200, 8000, 0
4300, 8000, 0
4400, 8000, 0
4500, 8000, 0
4600, 8000, 0
4700, 8000, 0
4800, 8000, 0
4900, 8000, 0
5000, 8000, 0
5100, 8000, 0
5200, 8000, 0
5300, 8000, 0
5400, 8000, 0
5500, 8000, 0
5600, 8000, 0
5700, 8000, 0
5800, 8000, 0
5900, 8000, 0
6000, 8000, 0
6100, 8000, 0
6200, 8000, 0
6300, 8000, 0
6400, 8000, 0
6500, 8000, 0
6600, 8000, 0
6700, 8000, 0
6800, 8000, 0
6900, 8000, 0
7000, 8000, 0
7100, 8000, 0
7200, 8000, 0
7300, 8000, 0
7400, 8000, 0
7500, 8000, 0
7600, 8000, 0
7700, 8000, 0
7800, 8000, 0
7900, 8000, 0
8000, 8000, 0
8100, 8000, 0
8200, 8000, 0
8300, 8000, 0
8400, 8000, 0
8500, 8000, 0
8600, 8000, 0
8700, 8000, 0
8800, 8000, 0
8900, 8000, 0
9000, 8000, 0
9100, 8000, 0
9200, 8000, 0
9300, 8000, 0
9400, 8000, 0
9500, 8000, 0
9600, 8000, 0
9700, 8000, 0
9800, 8000, 0
9900, 8000, 0
10000, 8000, 0
10100, 8000, 0
10200, 8000, 0
10300, 8000, 0
10400, 8000, 0
10500, 8000, 0
10600, 8000, 0
10700, 8000, 0
10800, 8000, 0
10900, 8000, 0
11000, 8000, 0
11100, 8000, 0
11200, 8000, 0
11300, 8000, 0
11400, 8000, 0
11500, 8000, 0
11600, 8000, 0
11700, 8000, 0
11800, 8000, 0
11900, 8000, 0
12000, 8000, 0
12100, 8000, 0
12200, 8000, 0
12300, 8000, 0
12400, 8000, 0
12500, 8000, 0
12600, 8000, 0
12700, 8000, 0
12800, 8000, 0
12900, 8000, 0
13000, 8000, 0
13100, 8000, 0
13200, 8000, 0
13300, 8000, 0
13400, 8000, 0
13500, 8000, 0
13600, 8000, 0
13700, 8000, 0
13800, 8000, 0
13900, 8000, 0
14000, 8000, 0
14100, 8000, 0
14200, 8000, 0
14300, 8000, 0
14400, 8000, 0
14500, 8000, 0
14600, 8000, 0
14700, 8000, 0
14800, 8000, 0
14900, 8000, 0
15000, 8000, 0
15100, 8000, 0
15200, 8000, 0
15300, 8000, 0
15400, 8000, 0
15500, 8000, 0
15600, 8000, 0
15700, 8000, 0
15800, 8000, 0
15900, 8000, 0
16000, 8000, 0
16100, 8000, 0
16200, 8000, 0
16300, 8000, 0
16400, 8000, 0
16500, 8000, 0
16600, 8000, 0
16700, 8000, 0
16800, 8000, 0
16900, 8000, 0
17000, 8000, 0
17100, 8000, 0
17200, 8000, 0
17300, 8000, 0
17400, 8000, 0
17500, 8000, 0
17600, 8000, 0
17700, 8000, 0
17800, 8000, 0
17900, 8000, 0
18000, 8000, 0
18100, 8000, 0
18200, 8000, 0
18300, 8000, 0
18400, 8000, 0
18500, 8000, 0
18600, 8000, 0
18700, 8000, 0
18800, 8000, 0
18900, 8000, 0
19000, 8000, 0
19100, 8000, 0
19200, 8000, 0
19300, 8000, 0
19400, 8000, 0
19500, 8000, 0
19600, 8000, 0
19700, 8000, 0
19800, 8000, 0
19900, 8000, 0
20000, 8000, 0
20100, 8000, 0
20200, 8000, 0
20300, 8000, 0
20400, 8000, 0
20500, 8000, 0
20600, 8000, 0
20700, 8000, 0
20800, 8000, 0
20900, 8000, 0
21000, 8000, 0
21100, 8000, 0
21200, 8000, 0
21300, 8000, 0
21400, 8000, 0
21500, 8000, 0
21600, 8000, 0
21700, 8000, 0
21800, 8000, 0
21900, 8000, 0
22000, 8000, 0
22100, 8000, 0
22200, 8000, 0
22300, 8000, 0
22400, 8000, 0
22500, 8000, 0
22600, 8000, 0
22700, 8000, 0
22800, 8000, 0
22900, 8000, 0
23000, 8000, 0
23100, 8000, 0
23200, 8000, 0
23300, 8000, 0
23400, 8000, 0
23500, 8000, 0
23600, 8000, 0
23700, 8000, 0
23800, 8000, 0
23900, 8000, 0
24000, 8000, 0
24100, 8000, 0
24200, 8000, 0
24300, 8000, 0
24400, 8000, 0
24500, 8000, 0
24600, 8000, 0
24700, 8000, 0
24800, 8000, 0
24900, 8000, 0
25000, 8000, 0
25100, 8000, 0
25200, 8000, 0
25300, 8000, 0
25400, 8000, 0
25500, 8000, 0
25600, 8000, 0
25700, 8000, 0
25800, 8000, 0
25900, 8000, 0
26000, 8000, 0
26100, 8000, 0
26200, 8000, 0
26300, 8000, 0
26400, 8000, 0
26500, 8000, 0
26600, 8000, 0
26700, 8000, 0
26800, 8000, 0
26900, 8000, 0
27000, 8000, 0
27100, 8000, 0
27200, 8000, 0
27300, 8000, 0
27400, 8000, 0
27500, 8000, 0
27600, 8000, 0
27700, 8000, 0
27800, 8000, 0
27900, 8000, 0
28000, 8000, 0
28100, 8000, 0
28200, 8000, 0
28300, 8000, 0
28400, 8000, 0
28500, 8000, 0
28600, 8000, 0
28700, 8000, 0
28800, 8000, 0
28900, 8000, 0
29000, 8000, 0
29100, 8000, 0
29200, 8000, 0
29300, 8000, 0
29400, 8000, 0
29500, 8000, 0
29600, 8000, 0
29700, 8000, 0
29800, 8000, 0
29900, 8000, 0
30000, 8000, 0
30100, 8000, 0
30200, 8000, 0
30300, 8000, 0
30400, 8000, 0
30500, 8000, 0
30600, 8000, 0
30700, 8000, 0
30800, 8000, 0
30900, 8000, 0
31000, 8000, 0
31100, 8000, 0
31200, 8000, 0
31300, 8000, 0
31400, 8000, 0
31500, 8000, 0
31600, 8000, 0
31700, 8000, 0
31800, 8000, 0
31900, 8000, 0
32000, 8000, 0
32100, 8000, 0
32200, 8000, 0
32300, 8000, 0
32400, 8000, 0
32500, 8000, 0
32600, 8000, 0
32700, 8000, 0
32800, 8000, 0
32900, 8000, 0
33000, 8000, 0
33100, 8000, 0
33200, 8000, 0
33300, 8000, 0
33400, 8000, 0
33500, 8000, 0
33600, 8000, 0
33700, 8000, 0
33800, 8000, 0
33900, 8000, 0
34000, 8000, 0
34100, 8000, 0
34200, 8000, 0
34300, 8000, 0
34400, 8000, 0
34500, 8000, 0
34600, 8000, 0
34700, 8000, 0
34800, 8000, 0
34900, 8000, 0
35000, 8000, 0
35100, 8000, 0
35200, 8000, 0
35300, 8000, 0
35400, 8000, 0
35500, 8000, 0
35600, 8000, 0
35700, 8000, 0
35800, 8000, 0
35900, 8000, 0
36000, 8000, 0
36100, 8000, 0
36200, 8000, 0
36300, 8000, 0
36400, 8000, 0
36500, 8000, 0
36600, 8000, 0
36700, 8000, 0
36800, 8000, 0
36900, 8000, 0
37000, 8000, 0
37100, 8000, 0
37200, 8000, 0
37300, 8000, 0
37400, 8000, 0
37500, 8000, 0
37600, 8000, 0
37700, 8000, 0
37800, 8000, 0
37900, 8000, 0
38000, 8000, 0
38100, 8000, 0
38200, 8000, 0
38300, 8000, 0
38400, 8000, 0
38500, 8000, 0
38600, 8000, 0
38700, 8000, 0
38800, 8000, 0
38900, 8000, 0
39000, 8000, 0
39100, 8000, 0
39200, 8000, 0
39300, 8000, 0
39400, 8000, 0
39500, 8000, 0
39600, 8000, 0
39700, 8000, 0
39800, 8000, 0
39900, 8000, 0
40000, 8000, 0
40000, 8000, 1
0, 12000, 1
0, 12000, 0
100, 12000, 0
200, 12000, 0
300, 12000, 0
400, 12000, 0
500, 12000, 0
600, 12000, 0
700, 12000, 0
800, 12000, 0
900, 12000, 0
1000, 12000, 0
1100, 12000, 0
1200, 12000, 0
1300, 12000, 0
1400, 12000, 0
1500, 12000, 0
1600, 12000, 0
1700, 12000, 0
1800, 12000, 0
1900, 12000, 0
2000, 12000, 0
2100, 12000, 0
2200, 12000, 0
2300, 12000, 0
2400, 12000, 0
2500, 12000, 0
2600, 12000, 0
2700, 12000, 0
2800, 12000, 0
2900, 12000, 0
3000, 12000, 0
3100, 12000, 0
3200, 12000, 0
3300, 12000, 0
3400, 12000, 0
3500, 12000, 0
3600, 12000, 0
3700, 12000, 0
3800, 12000, 0
3900, 12000, 0
4000, 12000, 0
4100, 12000, 0
4200, 12000, 0
4300, 12000, 0
4400, 12000, 0
4500, 12000, 0
4600, 12000, 0
4700, 12000, 0
4800, 12000, 0
4900, 12000, 0
5000, 12000, 0
5100, 12000, 0
5200, 12000, 0
5300, 12000, 0
5400, 12000, 0
5500, 12000, 0
5600, 12000, 0
5700, 12000, 0
5800, 12000, 0
5900, 12000, 0
6000, 12000, 0
6100, 12000, 0
6200, 12000, 0
6300, 12000, 0
6400, 12000, 0
6500, 12000, 0
6600, 12000, 0
6700, 12000, 0
6800, 12000, 0
6900, 12000, 0
7000, 12000, 0
7100, 12000, 0
7200, 12000, 0
7300, 12000, 0
7400, 12000, 0
7500, 12000, 0
7600, 12000, 0
7700, 12000, 0
7800, 12000, 0
7900, 12000, 0
8000, 12000, 0
8100, 12000, 0
8200, 12000, 0
8300, 12000, 0
8400, 12000, 0
8500, 12000, 0
8600, 12000, 0
8700, 12000, 0
8800, 12000, 0
8900, 12000, 0
9000, 12000, 0
9100, 12000, 0
9200, 12000, 0
9300, 12000, 0
9400, 12000, 0
9500, 12000, 0
9600, 12000, 0
9700, 12000, 0
9800, 12000, 0
9900, 12000, 0
10000, 12000, 0
10100, 12000, 0
10200, 12000, 0
10300, 12000, 0
10400, 12000, 0
10500, 12000, 0
10600, 12000, 0
10700, 12000, 0
10800, 12000, 0
10900, 12000, 0
11000, 12000, 0
11100, 12000, 0
11200, 12000, 0
11300, 12000, 0
11400, 12000, 0
11500, 12000, 0
11600, 12000, 0
11700, 12000, 0
11800, 12000, 0
11900, 12000, 0
12000, 12000, 0
12100, 12000, 0
12200, 12000, 0
12300, 12000, 0
12400, 12000, 0
12500, 12000, 0
12600, 12000, 0
12700, 12000, 0
12800, 12000, 0
12900, 12000, 0
13000, 12000, 0
13100, 12000, 0
13200, 12000, 0
13300, 12000, 0
13400, 12000, 0
13500, 12000, 0
13600, 12000, 0
13700, 12000, 0
13800, 12000, 0
13900, 12000, 0
14000, 12000, 0
14100, 12000, 0
14200, 12000, 0
14300, 12000, 0
14400, 12000, 0
14500, 12000, 0
14600, 12000, 0
14700, 12000, 0
14800, 12000, 0
14900, 12000, 0
15000, 12000, 0
15100, 12000, 0
15200, 12000, 0
15300, 12000, 0
15400, 12000, 0
15500, 12000, 0
15600, 12000, 0
15700, 12000, 0
15800, 12000, 0
15900, 12000, 0
16000, 12000, 0
16100, 12000, 0
16200, 12000, 0
16300, 12000, 0
16400, 12000, 0
16500, 12000, 0
16600, 12000, 0
16700, 12000, 0
16800, 12000, 0
16900, 12000, 0
17000, 12000, 0
17100, 12000, 0
17200, 12000, 0
17300, 12000, 0
17400, 12000, 0
17500, 12000, 0
17600, 12000, 0
17700, 12000, 0
17800, 12000, 0
17900, 12000, 0
18000, 12000, 0
18100, 12000, 0
18200, 12000, 0
18300, 12000, 0
18400, 12000, 0
18500, 12000, 0
18600, 12000, 0
18700, 12000, 0
18800, 12000, 0
18900, 12000, 0
19000, 12000, 0
19100, 12000, 0
19200, 12000, 0
19300, 12000, 0
19400, 12000, 0
19500, 12000, 0
19600, 12000, 0
19700, 12000, 0
19800, 12000, 0
19900, 12000, 0
20000, 12000, 0
20100, 12000, 0
20200, 12000, 0
20300, 12000, 0
20400, 12000, 0
20500, 12000, 0
20600, 12000, 0
20700, 12000, 0
20800, 12000, 0
20900, 12000, 0
21000, 12000, 0
21100, 12000, 0
21200, 12000, 0
21300, 12000, 0
21400, 12000, 0
21500, 12000, 0
21600, 12000, 0
21700, 12000, 0
21800, 12000, 0
21900, 12000, 0
22000, 12000, 0
22100, 12000, 0
22200, 12000, 0
22300, 12000, 0
22400, 12000, 0
22500, 12000, 0
22600, 12000, 0
22700, 12000, 0
22800, 12000, 0
22900, 12000, 0
23000, 12000, 0
23100, 12000, 0
23200, 12000, 0
23300, 12000, 0
23400, 12000, 0
23500, 12000, 0
23600, 12000, 0
23700, 12000, 0
23800, 12000, 0
23900, 12000, 0
24000, 12000, 0
24100, 12000, 0
24200, 12000, 0
24300, 12000, 0
24400, 12000, 0
24500, 12000, 0
24600, 12000, 0
24700, 12000, 0
24800, 12000, 0
24900, 12000, 0
25000, 12000, 0
25100, 12000, 0
25200, 12000, 0
25300, 12000, 0
25400, 12000, 0
25500, 12000, 0
25600, 12000, 0
25700, 12000, 0
25800, 12000, 0
25900, 12000, 0
26000, 12000, 0
26100, 12000, 0
26200, 12000, 0
26300, 12000, 0
26400, 12000, 0
26500, 12000, 0
26600, 12000, 0
26700, 12000, 0
26800, 12000, 0
26900, 12000, 0
27000, 12000, 0
27100, 12000, 0
27200, 12000, 0
27300, 12000, 0
27400, 12000, 0
27500, 12000, 0
27600, 12000, 0
27700, 12000, 0
27800, 12000, 0
27900, 12000, 0
28000, 12000, 0
28100, 12000, 0
28200, 12000, 0
28300, 12000, 0
28400, 12000, 0
28500, 12000, 0
28600, 12000, 0
28700, 12000, 0
28800, 12000, 0
28900, 12000, 0
29000, 12000, 0
29100, 12000, 0
29200, 12000, 0
29300, 12000, 0
29400, 12000, 0
29500, 12000, 0
29600, 12000, 0
29700, 12000, 0
29800, 12000, 0
29900, 12000, 0
30000, 12000, 0
30100, 12000, 0
30200, 12000, 0
30300, 12000, 0
30400, 12000, 0
30500, 12000, 0
30600, 12000, 0
30700, 12000, 0
30800, 12000, 0
30900, 12000, 0
31000, 12000, 0
31100, 12000, 0
31200, 12000, 0
31300, 12000, 0
31400, 12000, 0
31500, 12000, 0
31600, 12000, 0
31700, 12000, 0
31800, 12000, 0
31900, 12000, 0
32000, 12000, 0
32100, 12000, 0
32200, 12000, 0
32300, 12000, 0
32400, 12000, 0
32500, 12000, 0
32600, 12000, 0
32700, 12000, 0
32800, 12000, 0
32900, 12000, 0
33000, 12000, 0
33100, 12000, 0
33200, 12000, 0
33300, 12000, 0
33400, 12000, 0
33500, 12000, 0
33600, 12000, 0
33700, 12000, 0
33800, 12000, 0
33900, 12000, 0
34000, 12000, 0
34100, 12000, 0
34200, 12000, 0
34300, 12000, 0
34400, 12000, 0
34500, 12000, 0
34600, 12000, 0
34700, 12000, 0
34800, 12000, 0
34900, 12000, 0
35000, 12000, 0
35100, 12000, 0
35200, 12000, 0
35300, 12000, 0
35400, 12000, 0
35500, 12000, 0
35600, 12000, 0
35700, 12000, 0
35800, 12000, 0
35900, 12000, 0
36000, 12000, 0
36100, 12000, 0
36200, 12000, 0
36300, 12000, 0
36400, 12000, 0
36500, 12000, 0
36600, 12000, 0
36700, 12000, 0
36800, 12000, 0
36900, 12000, 0
37000, 12000, 0
37100, 12000, 0
37200, 12000, 0
37300, 12000, 0
37400, 12000, 0
37500, 12000, 0
37600, 12000, 0
37700, 12000, 0
37800, 12000, 0
37900, 12000, 0
38000, 12000, 0
38100, 12000, 0
38200, 12000, 0
38300, 12000, 0
38400, 12000, 0
38500, 12000, 0
38600, 12000, 0
38700, 12000, 0
38800, 12000, 0
38900, 12000, 0
39000, 12000, 0
39100, 12000, 0
39200, 12000, 0
39300, 12000, 0
39400, 12000, 0
39500, 12000, 0
39600, 12000, 0
39700, 12000, 0
39800, 12000, 0
39900, 12000, 0
40000, 12000, 0
40000, 12000, 1
0, 16000, 1
0, 16000, 0
100, 16000, 0
200, 16000, 0
300, 16000, 0
400, 16000, 0
500, 16000, 0
600, 16000, 0
700, 16000, 0
800, 16000, 0
900, 16000, 0
1000, 16000, 0
1100, 16000, 0
1200, 16000, 0
1300, 16000, 0
1400, 16000, 0
1500, 16000, 0
1600, 16000, 0
1700, 16000, 0
1800, 16000, 0
1900, 16000, 0
2000, 16000, 0
2100, 16000, 0
2200, 16000, 0
2300, 16000, 0
2400, 16000, 0
2500, 16000, 0
2600, 16000, 0
2700, 16000, 0
2800, 16000, 0
2900, 16000, 0
3000, 16000, 0
3100, 16000, 0
3200, 16000, 0
3300, 16000, 0
3400, 16000, 0
3500, 16000, 0
3600, 16000, 0
3700, 16000, 0
3800, 16000, 0
3900, 16000, 0
4000, 16000, 0
4100, 16000, 0
4200, 16000, 0
4300, 16000, 0
4400, 16000, 0
4500, 16000, 0
4600, 16000, 0
4700, 16000, 0
4800, 16000, 0
4900, 16000, 0
5000, 16000, 0
5100, 16000, 0
5200, 16000, 0
5300, 16000, 0
5400, 16000, 0
5500, 16000, 0
5600, 16000, 0
5700, 16000, 0
5800, 16000, 0
5900, 16000, 0
6000, 16000, 0
6100, 16000, 0
6200, 16000, 0
6300, 16000, 0
6400, 16000, 0
6500, 16000, 0
6600, 16000, 0
6700, 16000, 0
6800, 16000, 0
6900, 16000, 0
7000, 16000, 0
7100, 16000, 0
7200, 16000, 0
7300, 16000, 0
7400, 16000, 0
7500, 16000, 0
7600, 16000, 0
7700, 16000, 0
7800, 16000, 0
7900, 16000, 0
8000, 16000, 0
8100, 16000, 0
8200, 16000, 0
8300, 16000, 0
8400, 16000, 0
8500, 16000, 0
8600, 16000, 0
8700, 16000, 0
8800, 16000, 0
8900, 16000, 0
9000, 16000, 0
9100, 16000, 0
9200, 16000, 0
9300, 16000, 0
9400, 16000, 0
9500, 16000, 0
9600, 16000, 0
9700, 16000, 0
9800, 16000, 0
9900, 16000, 0
10000, 16000, 0
10100, 16000, 0
10200, 16000, 0
10300, 16000, 0
10400, 16000, 0
10500, 16000, 0
10600, 16000, 0
10700, 16000, 0
10800, 16000, 0
10900, 16000, 0
11000, 16000, 0
11100, 16000, 0
11200, 16000, 0
11300, 16000, 0
11400, 16000, 0
11500, 16000, 0
11600, 16000, 0
11700, 16000, 0
11800, 16000, 0
11900, 16000, 0
12000, 16000, 0
12100, 16000, 0
12200, 16000, 0
12300, 16000, 0
12400, 16000, 0
12500, 16000, 0
12600, 16000, 0
12700, 16000, 0
12800, 16000, 0
12900, 16000, 0
13000, 16000, 0
13100, 16000, 0
13200, 16000, 0
13300, 16000, 0
13400, 16000, 0
13500, 16000, 0
13600, 16000, 0
13700, 16000, 0
13800, 16000, 0
13900, 16000, 0
14000, 16000, 0
14100, 16000, 0
14200, 16000, 0
14300, 16000, 0
14400, 16000, 0
14500, 16000, 0
14600, 16000, 0
14700, 16000, 0
14800, 16000, 0
14900, 16000, 0
15000, 16000, 0
15100, 16000, 0
15200, 16000, 0
15300, 16000, 0
15400, 16000, 0
15500, 16000, 0
15600, 16000, 0
15700, 16000, 0
15800, 16000, 0
15900, 16000, 0
16000, 16000, 0
16100, 16000, 0
16200, 16000, 0
16300, 16000, 0
16400, 16000, 0
16500, 16000, 0
16600, 16000, 0
16700, 16000, 0
16800, 16000, 0
16900, 16000, 0
17000, 16000, 0
17100, 16000, 0
17200, 16000, 0
17300, 16000, 0
17400, 16000, 0
17500, 16000, 0
17600, 16000, 0
17700, 16000, 0
17800, 16000, 0
17900, 16000, 0
18000, 16000, 0
18100, 16000, 0
18200, 16000, 0
18300, 16000, 0
18400, 16000, 0
18500, 16000, 0
18600, 16000, 0
18700, 16000, 0
18800, 16000, 0
18900, 16000, 0
19000, 16000, 0
19100, 16000, 0
19200, 16000, 0
19300, 16000, 0
19400, 16000, 0
19500, 16000, 0
19600, 16000, 0
19700, 16000, 0
19800, 16000, 0
19900, 16000, 0
20000, 16000, 0
20100, 16000, 0
20200, 16000, 0
20300, 16000, 0
20400, 16000, 0
20500, 16000, 0
20600, 16000, 0
20700, 16000, 0
20800, 16000, 0
20900, 16000, 0
21000, 16000, 0
21100, 16000, 0
21200, 16000, 0
21300, 16000, 0
21400, 16000, 0
21500, 16000, 0
21600, 16000, 0
21700, 16000, 0
21800, 16000, 0
21900, 16000, 0
22000, 16000, 0
22100, 16000, 0
22200, 16000, 0
22300, 16000, 0
22400, 16000, 0
22500, 16000, 0
22600, 16000, 0
22700, 16000, 0
22800, 16000, 0
22900, 16000, 0
23000, 16000, 0
23100, 16000, 0
23200, 16000, 0
23300, 16000, 0
23400, 16000, 0
23500, 16000, 0
23600, 16000, 0
23700, 16000, 0
23800, 16000, 0
23900, 16000, 0
24000, 16000, 0
24100, 16000, 0
24200, 16000, 0
24300, 16000, 0
24400, 16000, 0
24500, 16000, 0
24600, 16000, 0
24700, 16000, 0
24800, 16000, 0
24900, 16000, 0
25000, 16000, 0
25100, 16000, 0
25200, 16000, 0
25300, 16000, 0
25400, 16000, 0
25500, 16000, 0
25600, 16000, 0
25700, 16000, 0
25800, 16000, 0
25900, 16000, 0
26000, 16000, 0
26100, 16000, 0
26200, 16000, 0
26300, 16000, 0
26400, 16000, 0
26500, 16000, 0
26600, 16000, 0
26700, 16000, 0
26800, 16000, 0
26900, 16000, 0
27000, 16000, 0
27100, 16000, 0
27200, 16000, 0
27300, 16000, 0
27400, 16000, 0
27500, 16000, 0
27600, 16000, 0
27700, 16000, 0
27800, 16000, 0
27900, 16000, 0
28000, 16000, 0
28100, 16000, 0
28200, 16000, 0
28300, 16000, 0
28400, 16000, 0
28500, 16000, 0
28600, 16000, 0
28700, 16000, 0
28800, 16000, 0
28900, 16000, 0
29000, 16000, 0
29100, 16000, 0
29200, 16000, 0
29300, 16000, 0
29400, 16000, 0
29500, 16000, 0
29600, 16000, 0
29700, 16000, 0
29800, 16000, 0
29900, 16000, 0
30000, 16000, 0
30100, 16000, 0
30200, 16000, 0
30300, 16000, 0
30400, 16000, 0
30500, 16000, 0
30600, 16000, 0
30700, 16000, 0
30800, 16000, 0
30900, 16000, 0
31000, 16000, 0
31100, 16000, 0
31200, 16000, 0
31300, 16000, 0
31400, 16000, 0
31500, 16000, 0
31600, 16000, 0
31700, 16000, 0
31800, 16000, 0
31900, 16000, 0
32000, 16000, 0
32100, 16000, 0
32200, 16000, 0
32300, 16000, 0
32400, 16000, 0
32500, 16000, 0
32600, 16000, 0
32700, 16000, 0
32800, 16000, 0
32900, 16000, 0
33000, 16000, 0
33100, 16000, 0
33200, 16000, 0
33300, 16000, 0
33400, 16000, 0
33500, 16000, 0
33600, 16000, 0
33700, 16000, 0
33800, 16000, 0
33900, 16000, 0
34000, 16000, 0
34100, 16000, 0
34200, 16000, 0
34300, 16000, 0
34400, 16000, 0
34500, 16000, 0
34600, 16000, 0
34700, 16000, 0
34800, 16000, 0
34900, 16000, 0
35000, 16000, 0
35100, 16000, 0
35200, 16000, 0
35300, 16000, 0
35400, 16000, 0
35500, 16000, 0
35600, 16000, 0
35700, 16000, 0
35800, 16000, 0
35900, 16000, 0
36000, 16000, 0
36100, 16000, 0
36200, 16000, 0
36300, 16000, 0
36400, 16000, 0
36500, 16000, 0
36600, 16000, 0
36700, 16000, 0
36800, 16000, 0
36900, 16000, 0
37000, 16000, 0
37100, 16000, 0
37200, 16000, 0
37300, 16000, 0
37400, 16000, 0
37500, 16000, 0
37600, 16000, 0
37700, 16000, 0
37800, 16000, 0
37900, 16000, 0
38000, 16000, 0
38100, 16000, 0
38200, 16000, 0
38300, 16000, 0
38400, 16000, 0
38500, 16000, 0
38600, 16000, 0
38700, 16000, 0
38800, 16000, 0
38900, 16000, 0
39000, 16000, 0
39100, 16000, 0
39200, 16000, 0
39300, 16000, 0
39400, 16000, 0
39500, 16000, 0
39600, 16000, 0
39700, 16000, 0
39800, 16000, 0
39900, 16000, 0
40000, 16000, 0
40000, 16000, 1
0, 20000, 1
0, 20000, 0
100, 20000, 0
200, 20000, 0
300, 20000, 0
400, 20000, 0
500, 20000, 0
600, 20000, 0
700, 20000, 0
800, 20000, 0
900, 20000, 0
1000, 20000, 0
1100, 20000, 0
1200, 20000, 0
1300, 20000, 0
1400, 20000, 0
1500, 20000, 0
1600, 20000, 0
1700, 20000, 0
1800, 20000, 0
1900, 20000, 0
2000, 20000, 0
2100, 20000, 0
2200, 20000, 0
2300, 20000, 0
2400, 20000, 0
2500, 20000, 0
2600, 20000, 0
2700, 20000, 0
2800, 20000, 0
2900, 20000, 0
3000, 20000, 0
3100, 20000, 0
3200, 20000, 0
3300, 20000, 0
3400, 20000, 0
3500, 20000, 0
3600, 20000, 0
3700, 20000, 0
3800, 20000, 0
3900, 20000, 0
4000, 20000, 0
4100, 20000, 0
4200, 20000, 0
4300, 20000, 0
4400, 20000, 0
4500, 20000, 0
4600, 20000, 0
4700, 20000, 0
4800, 20000, 0
4900, 20000, 0
5000, 20000, 0
5100, 20000, 0
5200, 20000, 0
5300, 20000, 0
5400, 20000, 0
5500, 20000, 0
5600, 20000, 0
5700, 20000, 0
5800, 20000, 0
5900, 20000, 0
6000, 20000, 0
6100, 20000, 0
6200, 20000, 0
6300, 20000, 0
6400, 20000, 0
6500, 20000, 0
6600, 20000, 0
6700, 20000, 0
6800, 20000, 0
6900, 20000, 0
7000, 20000, 0
7100, 20000, 0
7200, 20000, 0
7300, 20000, 0
7400, 20000, 0
7500, 20000, 0
7600, 20000, 0
7700, 20000, 0
7800, 20000, 0
7900, 20000, 0
8000, 20000, 0
8100, 20000, 0
8200, 20000, 0
8300, 20000, 0
8400, 20000, 0
8500, 20000, 0
8600, 20000, 0
8700, 20000, 0
8800, 20000, 0
8900, 20000, 0
9000, 20000, 0
9100, 20000, 0
9200, 20000, 0
9300, 20000, 0
9400, 20000, 0
9500, 20000, 0
9600, 20000, 0
9700, 20000, 0
9800, 20000, 0
9900, 20000, 0
10000, 20000, 0
10100, 20000, 0
10200, 20000, 0
10300, 20000, 0
10400, 20000, 0
10500, 20000, 0
10600, 20000, 0
10700, 20000, 0
10800, 20000, 0
10900, 20000, 0
11000, 20000, 0
11100, 20000, 0
11200, 20000, 0
11300, 20000, 0
11400, 20000, 0
11500, 20000, 0
11600, 20000, 0
11700, 20000, 0
11800, 20000, 0
11900, 20000, 0
12000, 20000, 0
12100, 20000, 0
12200, 20000, 0
12300, 20000, 0
12400, 20000, 0
12500, 20000, 0
12600, 20000, 0
12700, 20000, 0
12800, 20000, 0
12900, 20000, 0
13000, 20000, 0
13100, 20000, 0
13200, 20000, 0
13300, 20000, 0
13400, 20000, 0
13500, 20000, 0
13600, 20000, 0
13700, 20000, 0
13800, 20000, 0
13900, 20000, 0
14000, 20000, 0
14100, 20000, 0
14200, 20000, 0
14300, 20000, 0
14400, 20000, 0
14500, 20000, 0
14600, 20000, 0
14700, 20000, 0
14800, 20000, 0
14900, 20000, 0
15000, 20000, 0
15100, 20000, 0
15200, 20000, 0
15300, 20000, 0
15400, 20000, 0
15500, 20000, 0
15600, 20000, 0
15700, 20000, 0
15800, 20000, 0
15900, 20000, 0
16000, 20000, 0
16100, 20000, 0
16200, 20000, 0
16300, 20000, 0
16400, 20000, 0
16500, 20000, 0
16600, 20000, 0
16700, 20000, 0
16800, 20000, 0
16900, 20000, 0
17000, 20000, 0
17100, 20000, 0
17200, 20000, 0
17300, 20000, 0
17400, 20000, 0
17500, 20000, 0
17600, 20000, 0
17700, 20000, 0
17800, 20000, 0
17900, 20000, 0
18000, 20000, 0
18100, 20000, 0
18200, 20000, 0
18300, 20000, 0
18400, 20000, 0
18500, 20000, 0
18600, 20000, 0
18700, 20000, 0
18800, 20000, 0
18900, 20000, 0
19000, 20000, 0
19100, 20000, 0
19200, 20000, 0
19300, 20000, 0
19400, 20000, 0
19500, 20000, 0
19600, 20000, 0
19700, 20000, 0
19800, 20000, 0
19900, 20000, 0
20000, 20000, 0
20100, 20000, 0
20200, 20000, 0
20300, 20000, 0
20400, 20000, 0
20500, 20000, 0
20600, 20000, 0
20700, 20000, 0
20800, 20000, 0
20900, 20000, 0
21000, 20000, 0
21100, 20000, 0
21200, 20000, 0
21300, 20000, 0
21400, 20000, 0
21500, 20000, 0
21600, 20000, 0
21700, 20000, 0
21800, 20000, 0
21900, 20000, 0
22000, 20000, 0
22100, 20000, 0
22200, 20000, 0
22300, 20000, 0
22400, 20000, 0
22500, 20000, 0
22600, 20000, 0
22700, 20000, 0
22800, 20000, 0
22900, 20000, 0
23000, 20000, 0
23100, 20000, 0
23200, 20000, 0
23300, 20000, 0
23400, 20000, 0
23500, 20000, 0
23600, 20000, 0
23700, 20000, 0
23800, 20000, 0
23900, 20000, 0
24000, 20000, 0
24100, 20000, 0
24200, 20000, 0
24300, 20000, 0
24400, 20000, 0
24500, 20000, 0
24600, 20000, 0
24700, 20000, 0
24800, 20000, 0
24900, 20000, 0
25000, 20000, 0
25100, 20000, 0
25200, 20000, 0
25300, 20000, 0
25400, 20000, 0
25500, 20000, 0
25600, 20000, 0
25700, 20000, 0
25800, 20000, 0
25900, 20000, 0
26000, 20000, 0
26100, 20000, 0
26200, 20000, 0
26300, 20000, 0
26400, 20000, 0
26500, 20000, 0
26600, 20000, 0
26700, 20000, 0
26800, 20000, 0
26900, 20000, 0
27000, 20000, 0
27100, 20000, 0
27200, 20000, 0
27300, 20000, 0
27400, 20000, 0
27500, 20000, 0
27600, 20000, 0
27700, 20000, 0
27800, 20000, 0
27900, 20000, 0
28000, 20000, 0
28100, 20000, 0
28200, 20000, 0
28300, 20000, 0
28400, 20000, 0
28500, 20000, 0
28600, 20000, 0
28700, 20000, 0
28800, 20000, 0
28900, 20000, 0
29000, 20000, 0
29100, 20000, 0
29200, 20000, 0
29300, 20000, 0
29400, 20000, 0
29500, 20000, 0
29600, 20000, 0
29700, 20000, 0
29800, 20000, 0
29900, 20000, 0
30000, 20000, 0
30100, 20000, 0
30200, 20000, 0
30300, 20000, 0
30400, 20000, 0
30500, 20000, 0
30600, 20000, 0
30700, 20000, 0
30800, 20000, 0
30900, 20000, 0
31000, 20000, 0
31100, 20000, 0
31200, 20000, 0
31300, 20000, 0
31400, 20000, 0
31500, 20000, 0
31600, 20000, 0
31700, 20000, 0
31800, 20000, 0
31900, 20000, 0
32000, 20000, 0
32100, 20000, 0
32200, 20000, 0
32300, 20000, 0
32400, 20000, 0
32500, 20000, 0
32600, 20000, 0
32700, 20000, 0
32800, 20000, 0
32900, 20000, 0
33000, 20000, 0
33100, 20000, 0
33200, 20000, 0
33300, 20000, 0
33400, 20000, 0
33500, 20000, 0
33600, 20000, 0
33700, 20000, 0
33800, 20000, 0
33900, 20000, 0
34000, 20000, 0
34100, 20000, 0
34200, 20000, 0
34300, 20000, 0
34400, 20000, 0
34500, 20000, 0
34600, 20000, 0
34700, 20000, 0
34800, 20000, 0
34900, 20000, 0
35000, 20000, 0
35100, 20000, 0
35200, 20000, 0
35300, 20000, 0
35400, 20000, 0
35500, 20000, 0
35600, 20000, 0
35700, 20000, 0
35800, 20000, 0
35900, 20000, 0
36000, 20000, 0
36100, 20000, 0
36200, 20000, 0
36300, 20000, 0
36400, 20000, 0
36500, 20000, 0
36600, 20000, 0
36700, 20000, 0
36800, 20000, 0
36900, 20000, 0
37000, 20000, 0
37100, 20000, 0
37200, 20000, 0
37300, 20000, 0
37400, 20000, 0
37500, 20000, 0
37600, 20000, 0
37700, 20000, 0
37800, 20000, 0
37900, 20000, 0
38000, 20000, 0
38100, 20000, 0
38200, 20000, 0
38300, 20000, 0
38400, 20000, 0
38500, 20000, 0
38600, 20000, 0
38700, 20000, 0
38800, 20000, 0
38900, 20000, 0
39000, 20000, 0
39100, 20000, 0
39200, 20000, 0
39300, 20000, 0
39400, 20000, 0
39500, 20000, 0
39600, 20000, 0
39700, 20000, 0
39800, 20000, 0
39900, 20000, 0
40000, 20000, 0
